package it.dibis.station;

import java.io.BufferedReader;
import java.io.FileReader;
import java.io.IOException;

public class SimulStation extends StationInterface {

    // "hh:mm;Tempe;Hum;Pressu;WiSp;WiD;RainA;SunRad;",
    public static final String[] CSVDATA = { // 11092023.csv
            "00:00;+20.8;046;1013.8;04.0;192;000.0;0000.0;",
            "00:01;+20.8;046;1013.8;02.2;192;000.0;0000.0;",
            "00:02;+20.9;046;1013.8;01.4;204;000.0;0000.0;",
            "00:03;+20.9;046;1013.8;02.2;208;000.0;0000.0;",
            "00:04;+20.8;046;1013.8;01.6;214;000.0;0000.0;",
            "00:05;+20.8;046;1013.8;02.6;186;000.0;0000.0;",
            "00:06;+20.8;046;1013.8;01.4;185;000.0;0000.0;",
            "00:07;+20.8;046;1013.8;00.6;171;000.0;0000.0;",
            "00:08;+20.8;046;1013.9;01.0;210;000.0;0000.0;",
            "00:09;+20.8;046;1013.9;01.8;216;000.0;0000.0;",
            "00:10;+20.8;046;1013.9;01.8;201;000.0;0000.0;",
            "00:11;+20.8;046;1013.9;02.0;188;000.0;0000.0;",
            "00:12;+20.8;046;1013.9;02.8;211;000.0;0000.0;",
            "00:13;+20.8;046;1013.9;01.2;210;000.0;0000.0;",
            "00:14;+20.8;046;1013.9;00.8;218;000.0;0000.0;",
            "00:15;+20.7;046;1013.9;03.8;198;000.0;0000.0;",
            "00:16;+20.7;046;1013.9;01.6;187;000.0;0000.0;",
            "00:17;+20.7;046;1013.9;01.2;212;000.0;0000.0;",
            "00:18;+20.7;046;1013.9;01.6;175;000.0;0000.0;",
            "00:19;+20.6;046;1013.8;01.4;218;000.0;0000.0;",
            "00:20;+20.6;046;1013.8;02.0;213;000.0;0000.0;",
            "00:21;+20.6;046;1013.8;03.0;222;000.0;0000.0;",
            "00:22;+20.6;046;1013.8;01.8;189;000.0;0000.0;",
            "00:23;+20.6;046;1013.8;02.2;216;000.0;0000.0;",
            "00:24;+20.6;046;1013.8;01.2;206;000.0;0000.0;",
            "00:25;+20.6;046;1013.9;00.2;235;000.0;0000.0;",
            "00:26;+20.5;046;1013.8;01.2;226;000.0;0000.0;",
            "00:27;+20.5;046;1013.8;01.6;216;000.0;0000.0;",
            "00:28;+20.5;047;1013.8;01.6;189;000.0;0000.0;",
            "00:29;+20.4;047;1013.8;03.0;243;000.0;0000.0;",
            "00:30;+20.4;047;1013.8;01.2;185;000.0;0000.0;",
            "00:31;+20.4;047;1013.8;02.6;202;000.0;0000.0;",
            "00:32;+20.4;047;1013.8;00.2;231;000.0;0000.0;",
            "00:33;+20.4;047;1013.8;00.8;248;000.0;0000.0;",
            "00:34;+20.3;047;1013.8;01.0;227;000.0;0000.0;",
            "00:35;+20.3;047;1013.8;01.4;224;000.0;0000.0;",
            "00:36;+20.3;047;1013.8;02.4;197;000.0;0000.0;",
            "00:37;+20.3;047;1013.8;00.4;250;000.0;0000.0;",
            "00:38;+20.3;047;1013.8;01.0;232;000.0;0000.0;",
            "00:39;+20.2;047;1013.8;00.8;237;000.0;0000.0;",
            "00:40;+20.2;047;1013.8;01.6;220;000.0;0000.0;",
            "00:41;+20.2;047;1013.8;00.6;243;000.0;0000.0;",
            "00:42;+20.2;047;1013.8;02.6;223;000.0;0000.0;",
            "00:43;+20.2;048;1013.8;03.2;167;000.0;0000.0;",
            "00:44;+20.2;048;1013.8;00.6;250;000.0;0000.0;",
            "00:45;+20.2;048;1013.8;01.2;226;000.0;0000.0;",
            "00:46;+20.1;048;1013.8;01.4;193;000.0;0000.0;",
            "00:47;+20.1;048;1013.8;02.0;212;000.0;0000.0;",
            "00:48;+20.1;048;1013.8;01.0;202;000.0;0000.0;",
            "00:49;+20.1;048;1013.8;01.6;223;000.0;0000.0;",
            "00:50;+20.0;048;1013.8;01.0;227;000.0;0000.0;",
            "00:51;+20.1;048;1013.8;01.6;198;000.0;0000.0;",
            "00:52;+20.1;048;1013.8;00.8;190;000.0;0000.0;",
            "00:53;+20.1;048;1013.8;01.4;204;000.0;0000.0;",
            "00:54;+20.1;049;1013.7;01.0;188;000.0;0000.0;",
            "00:55;+20.1;048;1013.7;00.6;198;000.0;0000.0;",
            "00:56;+20.1;048;1013.7;01.4;227;000.0;0000.0;",
            "00:57;+20.0;049;1013.7;01.2;204;000.0;0000.0;",
            "00:58;+20.0;049;1013.7;02.2;173;000.0;0000.0;",
            "00:59;+20.0;049;1013.7;01.8;212;000.0;0000.0;",
            "01:00;+20.0;049;1013.7;01.4;200;000.0;0000.0;",
            "01:01;+20.0;049;1013.7;00.8;203;000.0;0000.0;",
            "01:02;+19.9;049;1013.7;02.0;183;000.0;0000.0;",
            "01:03;+19.9;049;1013.7;01.8;219;000.0;0000.0;",
            "01:04;+19.9;049;1013.7;01.8;200;000.0;0000.0;",
            "01:05;+19.9;049;1013.6;01.4;186;000.0;0000.0;",
            "01:06;+19.9;049;1013.6;01.8;206;000.0;0000.0;",
            "01:07;+19.9;049;1013.6;01.4;223;000.0;0000.0;",
            "01:08;+19.9;049;1013.6;01.4;167;000.0;0000.0;",
            "01:09;+19.8;049;1013.6;01.6;192;000.0;0000.0;",
            "01:10;+19.8;049;1013.6;00.8;202;000.0;0000.0;",
            "01:11;+19.8;049;1013.6;01.2;211;000.0;0000.0;",
            "01:12;+19.8;049;1013.6;01.8;176;000.0;0000.0;",
            "01:13;+19.8;049;1013.6;02.2;207;000.0;0000.0;",
            "01:14;+19.8;049;1013.6;01.8;221;000.0;0000.0;",
            "01:15;+19.8;049;1013.5;02.2;177;000.0;0000.0;",
            "01:16;+19.8;049;1013.5;01.4;212;000.0;0000.0;",
            "01:17;+19.8;049;1013.5;01.2;171;000.0;0000.0;",
            "01:18;+19.8;049;1013.5;01.2;222;000.0;0000.0;",
            "01:19;+19.8;050;1013.5;01.0;191;000.0;0000.0;",
            "01:20;+19.8;049;1013.5;02.8;188;000.0;0000.0;",
            "01:21;+19.8;049;1013.5;01.2;206;000.0;0000.0;",
            "01:22;+19.7;049;1013.5;00.4;205;000.0;0000.0;",
            "01:23;+19.7;049;1013.5;01.0;201;000.0;0000.0;",
            "01:24;+19.7;050;1013.5;02.2;199;000.0;0000.0;",
            "01:25;+19.7;049;1013.5;01.2;212;000.0;0000.0;",
            "01:26;+19.7;049;1013.5;01.6;212;000.0;0000.0;",
            "01:27;+19.7;050;1013.5;00.4;200;000.0;0000.0;",
            "01:28;+19.7;049;1013.5;02.2;197;000.0;0000.0;",
            "01:29;+19.7;050;1013.5;03.0;199;000.0;0000.0;",
            "01:30;+19.7;050;1013.5;01.8;202;000.0;0000.0;",
            "01:31;+19.7;050;1013.5;01.8;204;000.0;0000.0;",
            "01:32;+19.7;050;1013.5;02.2;191;000.0;0000.0;",
            "01:33;+19.7;049;1013.5;00.8;219;000.0;0000.0;",
            "01:34;+19.6;050;1013.5;01.8;200;000.0;0000.0;",
            "01:35;+19.6;050;1013.4;01.6;199;000.0;0000.0;",
            "01:36;+19.6;050;1013.4;02.4;194;000.0;0000.0;",
            "01:37;+19.6;050;1013.4;01.2;219;000.0;0000.0;",
            "01:38;+19.6;050;1013.4;01.0;196;000.0;0000.0;",
            "01:39;+19.6;050;1013.4;01.6;206;000.0;0000.0;",
            "01:40;+19.6;050;1013.4;02.0;180;000.0;0000.0;",
            "01:41;+19.6;050;1013.4;00.8;208;000.0;0000.0;",
            "01:42;+19.6;050;1013.4;02.0;210;000.0;0000.0;",
            "01:43;+19.6;050;1013.4;03.0;183;000.0;0000.0;",
            "01:44;+19.6;050;1013.4;01.2;196;000.0;0000.0;",
            "01:45;+19.6;050;1013.4;02.0;211;000.0;0000.0;",
            "01:46;+19.6;050;1013.4;02.0;203;000.0;0000.0;",
            "01:47;+19.6;050;1013.4;01.4;211;000.0;0000.0;",
            "01:48;+19.6;050;1013.4;02.8;194;000.0;0000.0;",
            "01:49;+19.6;050;1013.4;01.0;195;000.0;0000.0;",
            "01:50;+19.6;050;1013.5;01.2;217;000.0;0000.0;",
            "01:51;+19.6;050;1013.5;01.4;196;000.0;0000.0;",
            "01:52;+19.6;050;1013.5;00.8;219;000.0;0000.0;",
            "01:53;+19.6;050;1013.5;01.2;195;000.0;0000.0;",
            "01:54;+19.6;050;1013.5;02.6;208;000.0;0000.0;",
            "01:55;+19.6;050;1013.5;02.4;210;000.0;0000.0;",
            "01:56;+19.6;050;1013.5;02.4;200;000.0;0000.0;",
            "01:57;+19.5;050;1013.5;02.2;210;000.0;0000.0;",
            "01:58;+19.5;050;1013.5;01.8;205;000.0;0000.0;",
            "01:59;+19.6;050;1013.5;01.4;187;000.0;0000.0;",
            "02:00;+19.6;050;1013.5;02.4;204;000.0;0000.0;",
            "02:01;+19.6;050;1013.5;01.4;170;000.0;0000.0;",
            "02:02;+19.6;050;1013.5;02.2;215;000.0;0000.0;",
            "02:03;+19.6;050;1013.5;02.4;202;000.0;0000.0;",
            "02:04;+19.6;050;1013.5;02.6;199;000.0;0000.0;",
            "02:05;+19.6;050;1013.5;01.4;211;000.0;0000.0;",
            "02:06;+19.6;050;1013.5;01.2;183;000.0;0000.0;",
            "02:07;+19.6;050;1013.5;02.6;202;000.0;0000.0;",
            "02:08;+19.7;050;1013.5;01.8;185;000.0;0000.0;",
            "02:09;+19.7;050;1013.4;02.2;209;000.0;0000.0;",
            "02:10;+19.7;050;1013.4;01.2;223;000.0;0000.0;",
            "02:11;+19.7;050;1013.4;01.6;195;000.0;0000.0;",
            "02:12;+19.7;050;1013.4;01.2;192;000.0;0000.0;",
            "02:13;+19.6;050;1013.4;01.4;187;000.0;0000.0;",
            "02:14;+19.6;049;1013.4;01.0;173;000.0;0000.0;",
            "02:15;+19.6;049;1013.4;02.0;196;000.0;0000.0;",
            "02:16;+19.7;049;1013.4;01.4;185;000.0;0000.0;",
            "02:17;+19.7;049;1013.4;00.8;197;000.0;0000.0;",
            "02:18;+19.6;050;1013.4;01.4;205;000.0;0000.0;",
            "02:19;+19.6;049;1013.4;01.4;205;000.0;0000.0;",
            "02:20;+19.6;049;1013.4;01.2;179;000.0;0000.0;",
            "02:21;+19.6;049;1013.4;02.2;191;000.0;0000.0;",
            "02:22;+19.6;049;1013.4;01.6;189;000.0;0000.0;",
            "02:23;+19.6;049;1013.4;01.6;181;000.0;0000.0;",
            "02:24;+19.5;049;1013.4;03.2;206;000.0;0000.0;",
            "02:25;+19.5;049;1013.4;01.8;213;000.0;0000.0;",
            "02:26;+19.5;049;1013.4;01.6;180;000.0;0000.0;",
            "02:27;+19.5;050;1013.4;01.4;228;000.0;0000.0;",
            "02:28;+19.5;050;1013.4;01.6;180;000.0;0000.0;",
            "02:29;+19.5;050;1013.4;01.4;196;000.0;0000.0;",
            "02:30;+19.5;050;1013.4;01.4;191;000.0;0000.0;",
            "02:31;+19.5;050;1013.4;01.2;197;000.0;0000.0;",
            "02:32;+19.5;050;1013.4;01.4;232;000.0;0000.0;",
            "02:33;+19.4;050;1013.4;01.0;199;000.0;0000.0;",
            "02:34;+19.4;050;1013.4;01.2;196;000.0;0000.0;",
            "02:35;+19.4;050;1013.4;02.2;158;000.0;0000.0;",
            "02:36;+19.5;050;1013.4;02.0;213;000.0;0000.0;",
            "02:37;+19.4;050;1013.4;01.2;183;000.0;0000.0;",
            "02:38;+19.4;051;1013.4;02.0;193;000.0;0000.0;",
            "02:39;+19.4;050;1013.4;02.0;219;000.0;0000.0;",
            "02:40;+19.4;050;1013.3;00.2;179;000.0;0000.0;",
            "02:41;+19.3;050;1013.3;01.6;194;000.0;0000.0;",
            "02:42;+19.3;050;1013.3;02.0;199;000.0;0000.0;",
            "02:43;+19.3;050;1013.3;01.2;202;000.0;0000.0;",
            "02:44;+19.3;050;1013.3;01.2;206;000.0;0000.0;",
            "02:45;+19.3;050;1013.3;01.4;180;000.0;0000.0;",
            "02:46;+19.3;050;1013.3;02.4;216;000.0;0000.0;",
            "02:47;+19.3;050;1013.3;00.8;225;000.0;0000.0;",
            "02:48;+19.3;050;1013.3;01.6;205;000.0;0000.0;",
            "02:49;+19.2;050;1013.3;01.2;188;000.0;0000.0;",
            "02:50;+19.2;050;1013.3;01.4;197;000.0;0000.0;",
            "02:51;+19.2;051;1013.4;02.2;192;000.0;0000.0;",
            "02:52;+19.2;051;1013.3;01.6;198;000.0;0000.0;",
            "02:53;+19.2;051;1013.4;02.4;204;000.0;0000.0;",
            "02:54;+19.2;051;1013.3;01.0;213;000.0;0000.0;",
            "02:55;+19.1;051;1013.3;00.6;216;000.0;0000.0;",
            "02:56;+19.1;051;1013.3;00.8;207;000.0;0000.0;",
            "02:57;+19.1;051;1013.3;01.2;221;000.0;0000.0;",
            "02:58;+19.1;051;1013.3;01.8;214;000.0;0000.0;",
            "02:59;+19.1;051;1013.3;01.2;196;000.0;0000.0;",
            "03:00;+19.1;051;1013.3;00.6;216;000.0;0000.0;",
            "03:01;+19.1;051;1013.3;01.0;181;000.0;0000.0;",
            "03:02;+19.1;051;1013.3;01.6;195;000.0;0000.0;",
            "03:03;+19.1;051;1013.3;01.8;206;000.0;0000.0;",
            "03:04;+19.1;051;1013.3;01.8;167;000.0;0000.0;",
            "03:05;+19.0;051;1013.2;01.4;197;000.0;0000.0;",
            "03:06;+19.0;051;1013.3;01.8;221;000.0;0000.0;",
            "03:07;+19.0;051;1013.3;00.6;206;000.0;0000.0;",
            "03:08;+19.0;051;1013.3;01.0;223;000.0;0000.0;",
            "03:09;+19.0;051;1013.3;01.0;203;000.0;0000.0;",
            "03:10;+19.0;051;1013.3;01.4;214;000.0;0000.0;",
            "03:11;+18.9;051;1013.3;01.4;246;000.0;0000.0;",
            "03:12;+19.0;052;1013.2;01.6;194;000.0;0000.0;",
            "03:13;+19.0;052;1013.2;01.2;202;000.0;0000.0;",
            "03:14;+19.0;052;1013.2;01.2;203;000.0;0000.0;",
            "03:15;+19.0;052;1013.3;01.0;200;000.0;0000.0;",
            "03:16;+19.0;052;1013.2;00.8;202;000.0;0000.0;",
            "03:17;+19.0;052;1013.2;00.6;200;000.0;0000.0;",
            "03:18;+18.9;052;1013.2;02.2;208;000.0;0000.0;",
            "03:19;+18.9;052;1013.2;01.0;194;000.0;0000.0;",
            "03:20;+18.9;052;1013.2;01.8;162;000.0;0000.0;",
            "03:21;+18.9;052;1013.2;01.0;202;000.0;0000.0;",
            "03:22;+19.0;052;1013.3;02.0;206;000.0;0000.0;",
            "03:23;+19.0;052;1013.3;01.6;218;000.0;0000.0;",
            "03:24;+18.9;052;1013.3;01.4;210;000.0;0000.0;",
            "03:25;+18.9;052;1013.3;00.8;229;000.0;0000.0;",
            "03:26;+18.9;052;1013.3;01.4;219;000.0;0000.0;",
            "03:27;+18.9;052;1013.2;01.0;233;000.0;0000.0;",
            "03:28;+18.9;052;1013.2;01.0;210;000.0;0000.0;",
            "03:29;+18.9;052;1013.2;02.0;204;000.0;0000.0;",
            "03:30;+18.8;052;1013.2;01.2;189;000.0;0000.0;",
            "03:31;+18.8;052;1013.2;00.6;215;000.0;0000.0;",
            "03:32;+18.8;052;1013.2;00.2;205;000.0;0000.0;",
            "03:33;+18.8;052;1013.2;02.4;233;000.0;0000.0;",
            "03:34;+18.8;052;1013.2;00.6;213;000.0;0000.0;",
            "03:35;+18.8;052;1013.2;02.8;210;000.0;0000.0;",
            "03:36;+18.7;052;1013.2;01.6;197;000.0;0000.0;",
            "03:37;+18.7;052;1013.2;00.6;199;000.0;0000.0;",
            "03:38;+18.7;052;1013.2;01.0;231;000.0;0000.0;",
            "03:39;+18.7;053;1013.1;01.8;191;000.0;0000.0;",
            "03:40;+18.7;053;1013.2;01.4;215;000.0;0000.0;",
            "03:41;+18.7;052;1013.2;01.8;181;000.0;0000.0;",
            "03:42;+18.7;053;1013.2;01.8;214;000.0;0000.0;",
            "03:43;+18.7;053;1013.2;02.0;203;000.0;0000.0;",
            "03:44;+18.7;053;1013.2;01.6;202;000.0;0000.0;",
            "03:45;+18.7;053;1013.2;01.0;202;000.0;0000.0;",
            "03:46;+18.7;053;1013.2;01.0;212;000.0;0000.0;",
            "03:47;+18.7;053;1013.2;00.8;202;000.0;0000.0;",
            "03:48;+18.6;053;1013.2;01.0;186;000.0;0000.0;",
            "03:49;+18.7;053;1013.2;02.4;192;000.0;0000.0;",
            "03:50;+18.7;053;1013.2;01.0;197;000.0;0000.0;",
            "03:51;+18.7;053;1013.2;01.6;210;000.0;0000.0;",
            "03:52;+18.7;053;1013.2;01.4;237;000.0;0000.0;",
            "03:53;+18.7;053;1013.2;00.8;198;000.0;0000.0;",
            "03:54;+18.7;053;1013.2;02.0;209;000.0;0000.0;",
            "03:55;+18.6;053;1013.2;01.0;216;000.0;0000.0;",
            "03:56;+18.6;053;1013.2;00.6;225;000.0;0000.0;",
            "03:57;+18.6;053;1013.2;01.4;215;000.0;0000.0;",
            "03:58;+18.6;053;1013.2;01.4;200;000.0;0000.0;",
            "03:59;+18.6;053;1013.2;01.2;229;000.0;0000.0;",
            "04:00;+18.6;053;1013.2;01.2;210;000.0;0000.0;",
            "04:01;+18.6;053;1013.2;00.4;231;000.0;0000.0;",
            "04:02;+18.5;053;1013.2;00.8;231;000.0;0000.0;",
            "04:03;+18.5;053;1013.2;00.8;200;000.0;0000.0;",
            "04:04;+18.5;053;1013.2;01.4;197;000.0;0000.0;",
            "04:05;+18.5;053;1013.2;00.4;200;000.0;0000.0;",
            "04:06;+18.5;054;1013.2;01.2;194;000.0;0000.0;",
            "04:07;+18.5;053;1013.2;01.2;223;000.0;0000.0;",
            "04:08;+18.5;053;1013.2;02.0;216;000.0;0000.0;",
            "04:09;+18.5;053;1013.2;00.8;219;000.0;0000.0;",
            "04:10;+18.5;053;1013.2;00.8;223;000.0;0000.0;",
            "04:11;+18.4;054;1013.1;00.8;199;000.0;0000.0;",
            "04:12;+18.4;054;1013.1;01.0;208;000.0;0000.0;",
            "04:13;+18.4;054;1013.1;00.8;229;000.0;0000.0;",
            "04:14;+18.4;054;1013.1;01.0;203;000.0;0000.0;",
            "04:15;+18.4;054;1013.1;02.0;194;000.0;0000.0;",
            "04:16;+18.4;054;1013.1;00.8;206;000.0;0000.0;",
            "04:17;+18.4;054;1013.1;01.4;202;000.0;0000.0;",
            "04:18;+18.4;054;1013.1;01.2;208;000.0;0000.0;",
            "04:19;+18.4;054;1013.1;00.0;170;000.0;0000.0;",
            "04:20;+18.4;054;1013.0;01.4;222;000.0;0000.0;",
            "04:21;+18.4;054;1013.0;01.4;177;000.0;0000.0;",
            "04:22;+18.4;054;1013.0;01.4;228;000.0;0000.0;",
            "04:23;+18.3;054;1013.0;00.8;194;000.0;0000.0;",
            "04:24;+18.4;054;1013.0;01.2;196;000.0;0000.0;",
            "04:25;+18.3;054;1013.0;00.8;195;000.0;0000.0;",
            "04:26;+18.3;054;1013.0;01.2;196;000.0;0000.0;",
            "04:27;+18.3;055;1013.0;01.4;204;000.0;0000.0;",
            "04:28;+18.3;054;1013.0;00.8;187;000.0;0000.0;",
            "04:29;+18.4;054;1013.0;01.0;189;000.0;0000.0;",
            "04:30;+18.4;054;1013.0;01.8;198;000.0;0000.0;",
            "04:31;+18.3;054;1013.0;02.2;196;000.0;0000.0;",
            "04:32;+18.3;054;1013.0;01.4;185;000.0;0000.0;",
            "04:33;+18.3;055;1013.0;00.6;193;000.0;0000.0;",
            "04:34;+18.3;055;1013.0;01.4;196;000.0;0000.0;",
            "04:35;+18.4;055;1013.0;01.0;194;000.0;0000.0;",
            "04:36;+18.4;055;1013.0;01.6;177;000.0;0000.0;",
            "04:37;+18.4;055;1013.0;01.8;181;000.0;0000.0;",
            "04:38;+18.4;055;1013.0;01.8;204;000.0;0000.0;",
            "04:39;+18.4;055;1013.0;01.6;210;000.0;0000.0;",
            "04:40;+18.4;055;1013.0;02.4;190;000.0;0000.0;",
            "04:41;+18.4;055;1013.0;01.2;213;000.0;0000.0;",
            "04:42;+18.5;055;1013.0;02.4;196;000.0;0000.0;",
            "04:43;+18.4;055;1013.0;01.4;202;000.0;0000.0;",
            "04:44;+18.5;055;1013.0;02.2;227;000.0;0000.0;",
            "04:45;+18.4;055;1013.0;01.2;189;000.0;0000.0;",
            "04:46;+18.4;055;1013.0;01.0;173;000.0;0000.0;",
            "04:47;+18.5;055;1013.0;01.8;226;000.0;0000.0;",
            "04:48;+18.5;055;1013.0;02.2;212;000.0;0000.0;",
            "04:49;+18.5;055;1013.0;00.8;194;000.0;0000.0;",
            "04:50;+18.5;055;1013.0;01.6;198;000.0;0000.0;",
            "04:51;+18.5;054;1013.0;01.2;200;000.0;0000.0;",
            "04:52;+18.4;055;1012.9;01.8;177;000.0;0000.0;",
            "04:53;+18.4;054;1012.9;02.8;235;000.0;0000.0;",
            "04:54;+18.5;054;1012.9;01.2;219;000.0;0000.0;",
            "04:55;+18.5;054;1012.9;01.8;186;000.0;0000.0;",
            "04:56;+18.5;055;1012.9;02.2;206;000.0;0000.0;",
            "04:57;+18.5;054;1012.9;01.6;185;000.0;0000.0;",
            "04:58;+18.5;054;1012.9;02.8;188;000.0;0000.0;",
            "04:59;+18.5;054;1012.9;01.6;200;000.0;0000.0;",
            "05:00;+18.5;054;1012.9;02.6;200;000.0;0000.0;",
            "05:01;+18.5;054;1012.9;01.4;215;000.0;0000.0;",
            "05:02;+18.5;054;1012.9;01.2;230;000.0;0000.0;",
            "05:03;+18.5;054;1012.9;02.2;185;000.0;0000.0;",
            "05:04;+18.5;054;1012.9;02.2;197;000.0;0000.0;",
            "05:05;+18.4;054;1012.9;01.0;198;000.0;0000.0;",
            "05:06;+18.4;054;1012.9;02.8;208;000.0;0000.0;",
            "05:07;+18.4;054;1012.9;01.6;219;000.0;0000.0;",
            "05:08;+18.4;055;1012.9;01.6;221;000.0;0000.0;",
            "05:09;+18.4;055;1012.9;02.4;205;000.0;0000.0;",
            "05:10;+18.4;055;1012.9;01.6;219;000.0;0000.0;",
            "05:11;+18.4;054;1012.9;01.4;212;000.0;0000.0;",
            "05:12;+18.4;054;1012.9;01.6;200;000.0;0000.0;",
            "05:13;+18.4;055;1012.9;02.4;204;000.0;0000.0;",
            "05:14;+18.4;055;1012.9;02.2;219;000.0;0000.0;",
            "05:15;+18.4;055;1012.9;02.6;202;000.0;0000.0;",
            "05:16;+18.4;055;1012.9;01.8;216;000.0;0000.0;",
            "05:17;+18.4;055;1012.9;01.8;241;000.0;0000.0;",
            "05:18;+18.4;055;1012.9;01.2;221;000.0;0000.0;",
            "05:19;+18.3;055;1013.0;03.0;199;000.0;0000.0;",
            "05:20;+18.3;055;1013.0;01.6;187;000.0;0000.0;",
            "05:21;+18.4;055;1013.0;02.8;226;000.0;0000.0;",
            "05:22;+18.4;055;1013.0;02.8;234;000.0;0000.0;",
            "05:23;+18.4;055;1013.0;01.0;188;000.0;0000.0;",
            "05:24;+18.4;055;1013.0;01.6;259;000.0;0000.0;",
            "05:25;+18.4;055;1013.0;02.0;183;000.0;0000.0;",
            "05:26;+18.4;055;1013.0;02.0;187;000.0;0000.0;",
            "05:27;+18.5;055;1013.0;01.8;197;000.0;0000.0;",
            "05:28;+18.4;055;1013.0;03.4;202;000.0;0000.0;",
            "05:29;+18.4;055;1013.0;02.6;164;000.0;0000.0;",
            "05:30;+18.4;055;1013.0;01.8;195;000.0;0000.0;",
            "05:31;+18.4;055;1013.0;01.8;212;000.0;0000.0;",
            "05:32;+18.4;055;1013.0;01.2;227;000.0;0000.0;",
            "05:33;+18.4;055;1013.0;02.2;205;000.0;0000.0;",
            "05:34;+18.4;055;1013.0;02.2;201;000.0;0000.0;",
            "05:35;+18.4;055;1013.0;02.4;173;000.0;0000.0;",
            "05:36;+18.4;055;1013.0;02.2;189;000.0;0000.0;",
            "05:37;+18.4;055;1013.0;01.6;165;000.0;0000.0;",
            "05:38;+18.4;055;1012.9;01.8;179;000.0;0000.0;",
            "05:39;+18.4;055;1012.9;02.6;202;000.0;0000.0;",
            "05:40;+18.3;055;1012.9;01.6;211;000.0;0000.0;",
            "05:41;+18.3;055;1012.9;02.0;205;000.0;0000.0;",
            "05:42;+18.3;055;1012.9;01.2;221;000.0;0000.0;",
            "05:43;+18.3;055;1012.9;00.8;189;000.0;0000.3;",
            "05:44;+18.3;055;1012.9;01.2;178;000.0;0000.9;",
            "05:45;+18.3;055;1012.9;00.8;180;000.0;0001.4;",
            "05:46;+18.3;055;1012.9;01.2;189;000.0;0001.8;",
            "05:47;+18.3;055;1012.9;03.2;206;000.0;0002.1;",
            "05:48;+18.2;055;1012.9;01.0;216;000.0;0002.6;",
            "05:49;+18.2;055;1013.0;01.4;221;000.0;0003.1;",
            "05:50;+18.2;055;1013.0;00.8;196;000.0;0004.0;",
            "05:51;+18.2;055;1013.0;02.0;203;000.0;0004.7;",
            "05:52;+18.2;055;1013.0;02.2;203;000.0;0005.5;",
            "05:53;+18.2;055;1013.0;02.2;216;000.0;0005.9;",
            "05:54;+18.2;055;1013.0;00.6;207;000.0;0006.4;",
            "05:55;+18.2;055;1013.0;02.8;208;000.0;0007.0;",
            "05:56;+18.2;055;1013.0;01.4;191;000.0;0007.9;",
            "05:57;+18.2;055;1013.0;02.2;211;000.0;0008.5;",
            "05:58;+18.2;055;1013.0;01.0;223;000.0;0009.3;",
            "05:59;+18.2;055;1013.0;01.0;183;000.0;0010.4;",
            "06:00;+18.2;055;1013.0;01.4;203;000.0;0011.3;",
            "06:01;+18.2;055;1013.0;03.4;200;000.0;0012.0;",
            "06:02;+18.2;055;1013.0;01.4;235;000.0;0012.6;",
            "06:03;+18.2;056;1013.0;01.4;204;000.0;0013.6;",
            "06:04;+18.2;056;1013.0;01.2;204;000.0;0014.4;",
            "06:05;+18.2;056;1013.1;02.4;213;000.0;0015.1;",
            "06:06;+18.2;056;1013.1;01.6;192;000.0;0015.9;",
            "06:07;+18.2;056;1013.1;01.0;196;000.0;0016.7;",
            "06:08;+18.2;056;1013.1;01.6;211;000.0;0017.5;",
            "06:09;+18.2;056;1013.1;01.0;211;000.0;0018.3;",
            "06:10;+18.2;056;1013.1;01.4;189;000.0;0019.1;",
            "06:11;+18.2;056;1013.1;00.4;221;000.0;0019.8;",
            "06:12;+18.2;056;1013.1;00.8;193;000.0;0020.5;",
            "06:13;+18.2;056;1013.1;01.0;194;000.0;0021.2;",
            "06:14;+18.2;056;1013.1;00.6;193;000.0;0021.9;",
            "06:15;+18.2;056;1013.1;02.6;208;000.0;0023.0;",
            "06:16;+18.2;056;1013.1;00.6;219;000.0;0024.1;",
            "06:17;+18.2;056;1013.1;01.0;207;000.0;0024.5;",
            "06:18;+18.2;056;1013.1;00.4;201;000.0;0025.0;",
            "06:19;+18.2;056;1013.1;02.4;205;000.0;0025.8;",
            "06:20;+18.1;056;1013.1;01.4;172;000.0;0028.0;",
            "06:21;+18.2;057;1013.1;02.4;216;000.0;0028.8;",
            "06:22;+18.2;057;1013.1;01.6;210;000.0;0028.4;",
            "06:23;+18.2;057;1013.1;01.2;202;000.0;0028.9;",
            "06:24;+18.2;057;1013.1;00.8;201;000.0;0029.7;",
            "06:25;+18.2;057;1013.1;00.8;218;000.0;0030.3;",
            "06:26;+18.2;057;1013.1;00.6;201;000.0;0031.1;",
            "06:27;+18.2;057;1013.2;01.2;184;000.0;0031.8;",
            "06:28;+18.2;057;1013.1;02.0;206;000.0;0032.4;",
            "06:29;+18.2;057;1013.1;00.6;196;000.0;0033.4;",
            "06:30;+18.2;057;1013.1;00.8;233;000.0;0034.7;",
            "06:31;+18.2;057;1013.1;00.8;191;000.0;0038.1;",
            "06:32;+18.2;057;1013.1;01.2;231;000.0;0037.4;",
            "06:33;+18.2;057;1013.1;01.6;237;000.0;0037.0;",
            "06:34;+18.2;057;1013.1;01.4;191;000.0;0037.1;",
            "06:35;+18.2;057;1013.1;01.0;233;000.0;0037.3;",
            "06:36;+18.2;057;1013.1;02.4;205;000.0;0039.1;",
            "06:37;+18.2;057;1013.2;01.6;212;000.0;0047.0;",
            "06:38;+18.2;057;1013.2;01.0;191;000.0;0064.7;",
            "06:39;+18.2;057;1013.2;01.6;204;000.0;0059.7;",
            "06:40;+18.2;057;1013.2;01.6;219;000.0;0044.6;",
            "06:41;+18.2;057;1013.2;01.0;195;000.0;0042.0;",
            "06:42;+18.2;057;1013.2;01.4;189;000.0;0042.3;",
            "06:43;+18.2;057;1013.2;01.8;202;000.0;0045.0;",
            "06:44;+18.3;057;1013.2;00.4;185;000.0;0055.0;",
            "06:45;+18.3;058;1013.2;01.4;177;000.0;0060.3;",
            "06:46;+18.3;058;1013.2;01.4;192;000.0;0053.1;",
            "06:47;+18.3;058;1013.2;01.6;210;000.0;0045.5;",
            "06:48;+18.3;058;1013.2;01.8;190;000.0;0046.6;",
            "06:49;+18.4;058;1013.2;01.2;201;000.0;0047.3;",
            "06:50;+18.4;058;1013.2;01.6;210;000.0;0048.3;",
            "06:51;+18.4;058;1013.2;00.8;212;000.0;0054.4;",
            "06:52;+18.4;057;1013.2;01.6;182;000.0;0053.9;",
            "06:53;+18.5;057;1013.2;01.0;165;000.0;0092.2;",
            "06:54;+18.5;057;1013.2;01.0;194;000.0;0084.2;",
            "06:55;+18.5;057;1013.2;01.6;233;000.0;0058.7;",
            "06:56;+18.5;057;1013.2;01.2;162;000.0;0058.3;",
            "06:57;+18.5;057;1013.2;00.8;198;000.0;0071.2;",
            "06:58;+18.5;057;1013.2;01.2;198;000.0;0078.1;",
            "06:59;+18.5;057;1013.2;01.0;185;000.0;0080.0;",
            "07:00;+18.6;057;1013.3;00.4;214;000.0;0068.2;",
            "07:01;+18.6;057;1013.3;00.0;188;000.0;0057.5;",
            "07:02;+18.6;057;1013.3;00.8;217;000.0;0063.3;",
            "07:03;+18.7;057;1013.3;01.4;214;000.0;0080.6;",
            "07:04;+18.7;057;1013.3;00.8;174;000.0;0105.4;",
            "07:05;+18.7;057;1013.3;00.4;185;000.0;0098.2;",
            "07:06;+18.7;057;1013.3;00.6;183;000.0;0084.3;",
            "07:07;+18.8;057;1013.3;00.4;200;000.0;0068.3;",
            "07:08;+18.8;057;1013.3;00.0;198;000.0;0068.7;",
            "07:09;+18.8;057;1013.3;00.0;208;000.0;0063.2;",
            "07:10;+18.9;057;1013.3;00.0;204;000.0;0060.7;",
            "07:11;+18.9;057;1013.3;00.4;200;000.0;0126.4;",
            "07:12;+18.9;056;1013.3;01.0;198;000.0;0188.4;",
            "07:13;+18.9;056;1013.3;01.2;212;000.0;0217.3;",
            "07:14;+19.0;056;1013.3;00.4;211;000.0;0221.1;",
            "07:15;+19.0;056;1013.3;00.4;210;000.0;0224.2;",
            "07:16;+19.1;056;1013.3;01.0;204;000.0;0227.5;",
            "07:17;+19.1;056;1013.3;01.0;210;000.0;0230.6;",
            "07:18;+19.1;056;1013.3;00.8;194;000.0;0234.2;",
            "07:19;+19.2;056;1013.3;01.4;191;000.0;0236.6;",
            "07:20;+19.2;056;1013.3;00.6;225;000.0;0239.9;",
            "07:21;+19.2;056;1013.3;00.4;211;000.0;0242.9;",
            "07:22;+19.2;055;1013.3;01.8;191;000.0;0246.1;",
            "07:23;+19.2;055;1013.2;01.0;195;000.0;0248.9;",
            "07:24;+19.2;055;1013.2;01.0;178;000.0;0251.7;",
            "07:25;+19.3;055;1013.2;01.4;162;000.0;0254.6;",
            "07:26;+19.3;055;1013.2;00.4;213;000.0;0258.0;",
            "07:27;+19.3;055;1013.2;00.0;213;000.0;0260.6;",
            "07:28;+19.4;055;1013.2;00.0;213;000.0;0263.5;",
            "07:29;+19.4;055;1013.2;00.0;213;000.0;0267.2;",
            "07:30;+19.4;055;1013.2;00.4;213;000.0;0270.8;",
            "07:31;+19.4;055;1013.2;01.0;206;000.0;0273.1;",
            "07:32;+19.4;055;1013.2;00.4;184;000.0;0275.7;",
            "07:33;+19.5;055;1013.2;00.2;216;000.0;0278.3;",
            "07:34;+19.5;055;1013.2;00.0;200;000.0;0281.3;",
            "07:35;+19.6;055;1013.2;00.2;200;000.0;0284.4;",
            "07:36;+19.6;055;1013.2;01.4;210;000.0;0288.0;",
            "07:37;+19.6;055;1013.2;00.8;208;000.0;0290.9;",
            "07:38;+19.7;055;1013.2;00.8;200;000.0;0293.8;",
            "07:39;+19.8;055;1013.2;00.0;200;000.0;0297.2;",
            "07:40;+19.8;055;1013.3;00.6;209;000.0;0300.3;",
            "07:41;+19.8;055;1013.3;01.2;227;000.0;0303.0;",
            "07:42;+19.9;055;1013.3;01.0;206;000.0;0306.2;",
            "07:43;+19.9;055;1013.3;01.6;208;000.0;0309.3;",
            "07:44;+19.9;054;1013.3;01.0;202;000.0;0312.5;",
            "07:45;+19.9;054;1013.3;01.0;223;000.0;0315.1;",
            "07:46;+20.0;054;1013.3;01.4;211;000.0;0317.5;",
            "07:47;+20.0;054;1013.3;01.2;200;000.0;0320.6;",
            "07:48;+20.0;055;1013.3;01.2;206;000.0;0323.6;",
            "07:49;+20.0;054;1013.3;01.0;206;000.0;0326.5;",
            "07:50;+20.1;054;1013.4;00.0;206;000.0;0329.9;",
            "07:51;+20.2;054;1013.4;00.0;206;000.0;0332.8;",
            "07:52;+20.2;054;1013.4;00.0;250;000.0;0335.6;",
            "07:53;+20.3;054;1013.4;00.0;250;000.0;0338.7;",
            "07:54;+20.3;054;1013.4;00.0;250;000.0;0341.2;",
            "07:55;+20.2;054;1013.4;00.0;250;000.0;0344.9;",
            "07:56;+20.3;054;1013.4;00.0;250;000.0;0348.4;",
            "07:57;+20.4;054;1013.4;00.0;250;000.0;0351.7;",
            "07:58;+20.5;054;1013.4;00.0;250;000.0;0354.6;",
            "07:59;+20.5;053;1013.4;00.0;250;000.0;0357.9;",
            "08:00;+20.6;053;1013.4;00.0;250;000.0;0360.5;",
            "08:01;+20.6;053;1013.4;00.0;250;000.0;0363.4;",
            "08:02;+20.6;054;1013.4;00.0;250;000.0;0366.7;",
            "08:03;+20.6;053;1013.4;00.0;250;000.0;0370.0;",
            "08:04;+20.6;053;1013.4;00.0;250;000.0;0373.6;",
            "08:05;+20.7;053;1013.4;00.0;250;000.0;0377.7;",
            "08:06;+20.8;052;1013.4;00.0;250;000.0;0380.2;",
            "08:07;+20.8;053;1013.4;00.0;250;000.0;0382.6;",
            "08:08;+20.8;053;1013.4;00.0;250;000.0;0386.2;",
            "08:09;+20.9;053;1013.4;00.0;250;000.0;0388.9;",
            "08:10;+20.9;053;1013.4;00.0;250;000.0;0391.5;",
            "08:11;+20.8;053;1013.4;00.0;250;000.0;0393.9;",
            "08:12;+20.9;053;1013.4;00.0;250;000.0;0396.1;",
            "08:13;+20.9;053;1013.4;00.0;250;000.0;0399.0;",
            "08:14;+21.0;052;1013.4;00.0;250;000.0;0402.0;",
            "08:15;+21.1;052;1013.5;00.0;250;000.0;0404.6;",
            "08:16;+21.1;052;1013.5;00.0;250;000.0;0407.4;",
            "08:17;+21.1;052;1013.5;00.0;250;000.0;0410.0;",
            "08:18;+21.1;052;1013.4;00.0;250;000.0;0413.1;",
            "08:19;+21.2;052;1013.4;00.0;250;000.0;0416.0;",
            "08:20;+21.2;052;1013.4;00.0;250;000.0;0418.8;",
            "08:21;+21.3;052;1013.4;00.0;250;000.0;0422.1;",
            "08:22;+21.4;051;1013.4;00.0;250;000.0;0425.0;",
            "08:23;+21.5;050;1013.4;00.0;250;000.0;0427.3;",
            "08:24;+21.6;050;1013.4;00.0;250;000.0;0431.0;",
            "08:25;+21.7;049;1013.4;00.0;250;000.0;0433.8;",
            "08:26;+21.7;049;1013.4;00.0;250;000.0;0436.6;",
            "08:27;+21.7;049;1013.4;00.0;250;000.0;0438.5;",
            "08:28;+21.8;049;1013.4;00.0;250;000.0;0440.3;",
            "08:29;+21.8;049;1013.4;00.0;250;000.0;0442.6;",
            "08:30;+21.7;050;1013.4;00.0;250;000.0;0445.9;",
            "08:31;+21.8;050;1013.4;00.0;250;000.0;0448.1;",
            "08:32;+21.9;049;1013.4;00.0;250;000.0;0450.4;",
            "08:33;+22.0;048;1013.4;00.0;250;000.0;0453.5;",
            "08:34;+22.0;048;1013.4;00.0;250;000.0;0456.2;",
            "08:35;+22.1;048;1013.4;00.0;250;000.0;0459.4;",
            "08:36;+22.1;049;1013.4;00.0;250;000.0;0462.1;",
            "08:37;+22.1;049;1013.4;00.0;250;000.0;0465.0;",
            "08:38;+22.1;049;1013.4;00.0;250;000.0;0467.1;",
            "08:39;+22.1;048;1013.4;00.0;250;000.0;0470.3;",
            "08:40;+22.2;048;1013.4;00.0;250;000.0;0472.6;",
            "08:41;+22.3;047;1013.4;01.0;332;000.0;0477.1;",
            "08:42;+22.4;047;1013.4;00.2;302;000.0;0480.4;",
            "08:43;+22.4;047;1013.4;00.0;027;000.0;0481.7;",
            "08:44;+22.5;047;1013.4;00.0;027;000.0;0483.8;",
            "08:45;+22.5;048;1013.4;00.0;027;000.0;0485.4;",
            "08:46;+22.5;047;1013.4;00.0;027;000.0;0487.1;",
            "08:47;+22.6;047;1013.4;00.2;027;000.0;0488.5;",
            "08:48;+22.7;047;1013.3;00.2;347;000.0;0490.0;",
            "08:49;+22.7;047;1013.3;00.0;347;000.0;0490.0;",
            "08:50;+22.7;047;1013.3;00.0;002;000.0;0491.7;",
            "08:51;+22.8;047;1013.3;00.0;002;000.0;0494.9;",
            "08:52;+22.9;047;1013.3;00.0;354;000.0;0497.5;",
            "08:53;+23.0;047;1013.3;00.0;354;000.0;0500.3;",
            "08:54;+23.0;047;1013.3;00.0;354;000.0;0503.6;",
            "08:55;+23.1;047;1013.3;00.0;354;000.0;0505.9;",
            "08:56;+23.1;046;1013.4;00.0;354;000.0;0505.4;",
            "08:57;+23.2;046;1013.4;00.0;354;000.0;0510.4;",
            "08:58;+23.2;046;1013.4;00.0;309;000.0;0513.2;",
            "08:59;+23.3;045;1013.4;00.0;305;000.0;0521.0;",
            "09:00;+23.4;044;1013.4;00.0;305;000.0;0523.6;",
            "09:01;+23.4;044;1013.4;00.0;328;000.0;0525.2;",
            "09:02;+23.4;043;1013.4;01.0;285;000.0;0526.8;",
            "09:03;+23.5;044;1013.4;00.6;300;000.0;0531.3;",
            "09:04;+23.5;044;1013.5;00.6;254;000.0;0526.5;",
            "09:05;+23.6;043;1013.5;00.4;254;000.0;0534.5;",
            "09:06;+23.7;042;1013.5;01.0;292;000.0;0538.2;",
            "09:07;+23.7;042;1013.5;00.6;316;000.0;0541.8;",
            "09:08;+23.8;041;1013.4;00.0;316;000.0;0543.4;",
            "09:09;+23.8;041;1013.5;00.6;358;000.0;0547.0;",
            "09:10;+23.9;040;1013.5;01.4;321;000.0;0549.0;",
            "09:11;+24.1;039;1013.5;00.6;321;000.0;0550.9;",
            "09:12;+24.0;039;1013.5;01.6;280;000.0;0555.4;",
            "09:13;+24.1;040;1013.4;01.0;286;000.0;0557.4;",
            "09:14;+24.1;040;1013.4;00.8;316;000.0;0559.4;",
            "09:15;+24.2;040;1013.4;00.4;305;000.0;0560.7;",
            "09:16;+24.2;039;1013.4;01.2;306;000.0;0562.5;",
            "09:17;+24.3;040;1013.4;00.2;314;000.0;0563.2;",
            "09:18;+24.4;040;1013.5;01.6;302;000.0;0568.3;",
            "09:19;+24.4;039;1013.5;00.6;308;000.0;0570.6;",
            "09:20;+24.5;039;1013.5;01.0;320;000.0;0572.3;",
            "09:21;+24.5;039;1013.5;00.4;344;000.0;0574.3;",
            "09:22;+24.5;039;1013.4;01.6;311;000.0;0575.9;",
            "09:23;+24.5;038;1013.4;00.2;305;000.0;0577.0;",
            "09:24;+24.6;038;1013.4;00.0;305;000.0;0578.2;",
            "09:25;+24.7;037;1013.4;01.4;341;000.0;0580.1;",
            "09:26;+24.9;037;1013.4;01.2;330;000.0;0583.1;",
            "09:27;+24.9;036;1013.4;00.4;312;000.0;0586.2;",
            "09:28;+25.0;037;1013.4;00.6;327;000.0;0588.2;",
            "09:29;+25.0;037;1013.4;00.0;321;000.0;0589.9;",
            "09:30;+25.0;037;1013.4;00.6;323;000.0;0592.4;",
            "09:31;+25.0;037;1013.4;01.0;003;000.0;0594.7;",
            "09:32;+25.0;036;1013.4;01.0;316;000.0;0596.3;",
            "09:33;+25.1;037;1013.4;01.4;312;000.0;0598.9;",
            "09:34;+25.2;036;1013.4;01.4;320;000.0;0601.5;",
            "09:35;+25.3;035;1013.4;01.0;333;000.0;0602.8;",
            "09:36;+25.3;036;1013.4;02.0;322;000.0;0604.1;",
            "09:37;+25.4;036;1013.4;01.2;314;000.0;0607.8;",
            "09:38;+25.6;036;1013.4;01.6;314;000.0;0609.7;",
            "09:39;+25.7;036;1013.4;00.4;311;000.0;0611.5;",
            "09:40;+25.7;036;1013.4;02.4;299;000.0;0613.8;",
            "09:41;+25.8;035;1013.4;00.6;314;000.0;0615.6;",
            "09:42;+25.8;035;1013.4;01.6;331;000.0;0616.4;",
            "09:43;+25.8;035;1013.4;00.6;330;000.0;0617.0;",
            "09:44;+25.9;035;1013.4;00.0;330;000.0;0618.8;",
            "09:45;+26.0;035;1013.3;00.6;286;000.0;0620.4;",
            "09:46;+26.1;035;1013.3;02.0;320;000.0;0623.2;",
            "09:47;+26.2;035;1013.3;00.4;300;000.0;0625.2;",
            "09:48;+26.4;035;1013.3;01.2;289;000.0;0626.2;",
            "09:49;+26.5;035;1013.3;01.4;300;000.0;0629.7;",
            "09:50;+26.6;034;1013.3;01.0;304;000.0;0630.8;",
            "09:51;+26.7;033;1013.3;01.4;304;000.0;0631.9;",
            "09:52;+26.8;033;1013.3;00.6;294;000.0;0632.9;",
            "09:53;+26.9;033;1013.2;00.0;294;000.0;0635.2;",
            "09:54;+26.9;033;1013.2;00.2;002;000.0;0637.3;",
            "09:55;+27.0;034;1013.2;01.0;321;000.0;0638.3;",
            "09:56;+27.2;034;1013.2;02.2;327;000.0;0640.2;",
            "09:57;+27.2;032;1013.2;01.6;302;000.0;0643.9;",
            "09:58;+27.2;032;1013.2;00.6;352;000.0;0645.0;",
            "09:59;+27.1;032;1013.2;00.8;302;000.0;0645.6;",
            "10:00;+27.3;032;1013.2;00.8;319;000.0;0647.1;",
            "10:01;+27.3;031;1013.2;00.8;294;000.0;0649.7;",
            "10:02;+27.4;032;1013.2;00.4;330;000.0;0650.5;",
            "10:03;+27.5;032;1013.1;01.8;313;000.0;0653.2;",
            "10:04;+27.7;031;1013.1;01.2;337;000.0;0654.4;",
            "10:05;+27.6;031;1013.1;01.2;353;000.0;0655.7;",
            "10:06;+27.6;031;1013.1;01.2;354;000.0;0657.7;",
            "10:07;+27.6;031;1013.1;00.8;027;000.0;0658.8;",
            "10:08;+27.5;031;1013.1;01.0;325;000.0;0662.1;",
            "10:09;+27.6;031;1013.1;00.0;337;000.0;0663.4;",
            "10:10;+27.6;031;1013.1;00.0;033;000.0;0662.8;",
            "10:11;+27.8;031;1013.1;01.0;018;000.0;0664.6;",
            "10:12;+28.0;031;1013.1;01.8;328;000.0;0666.1;",
            "10:13;+28.0;031;1013.1;02.0;304;000.0;0668.4;",
            "10:14;+28.1;031;1013.0;00.6;312;000.0;0669.9;",
            "10:15;+28.1;030;1013.0;01.4;308;000.0;0671.6;",
            "10:16;+28.2;030;1013.0;00.4;285;000.0;0673.7;",
            "10:17;+28.2;030;1013.0;01.8;317;000.0;0676.8;",
            "10:18;+28.3;030;1013.0;01.4;297;000.0;0678.6;",
            "10:19;+28.3;030;1013.0;01.8;304;000.0;0680.6;",
            "10:20;+28.4;030;1013.0;02.0;306;000.0;0683.8;",
            "10:21;+28.4;030;1013.0;01.4;275;000.0;0685.0;",
            "10:22;+28.4;029;1013.0;01.2;293;000.0;0686.1;",
            "10:23;+28.4;029;1013.0;01.0;302;000.0;0686.7;",
            "10:24;+28.5;029;1013.0;01.2;352;000.0;0690.7;",
            "10:25;+28.5;029;1013.0;01.2;335;000.0;0690.4;",
            "10:26;+28.5;029;1013.0;00.2;006;000.0;0689.8;",
            "10:27;+28.4;029;1013.0;00.8;316;000.0;0690.3;",
            "10:28;+28.3;029;1013.0;01.0;313;000.0;0691.4;",
            "10:29;+28.2;029;1013.0;01.6;287;000.0;0692.7;",
            "10:30;+28.2;029;1013.0;01.2;314;000.0;0692.3;",
            "10:31;+28.5;029;1013.0;02.8;316;000.0;0694.5;",
            "10:32;+28.7;029;1013.0;02.2;326;000.0;0695.9;",
            "10:33;+28.8;028;1013.0;03.0;299;000.0;0698.6;",
            "10:34;+28.8;028;1013.0;01.0;288;000.0;0701.3;",
            "10:35;+28.7;028;1012.9;00.8;294;000.0;0702.0;",
            "10:36;+28.9;029;1012.9;00.6;323;000.0;0703.0;",
            "10:37;+28.9;028;1012.9;00.2;332;000.0;0703.3;",
            "10:38;+29.0;029;1012.9;00.0;332;000.0;0703.2;",
            "10:39;+29.1;029;1012.9;01.8;294;000.0;0706.9;",
            "10:40;+29.1;028;1012.9;00.0;308;000.0;0705.0;",
            "10:41;+29.0;028;1012.9;00.4;270;000.0;0705.2;",
            "10:42;+29.0;029;1012.9;00.8;270;000.0;0707.2;",
            "10:43;+29.2;029;1012.9;02.2;304;000.0;0708.5;",
            "10:44;+29.4;027;1012.8;02.0;296;000.0;0709.2;",
            "10:45;+29.4;027;1012.8;00.8;313;000.0;0709.6;",
            "10:46;+29.2;027;1012.8;00.6;337;000.0;0710.9;",
            "10:47;+29.1;027;1012.8;01.0;316;000.0;0710.5;",
            "10:48;+29.3;027;1012.8;01.8;290;000.0;0716.1;",
            "10:49;+29.5;027;1012.8;01.8;256;000.0;0718.8;",
            "10:50;+29.6;026;1012.8;00.0;235;000.0;0719.0;",
            "10:51;+29.6;026;1012.7;00.0;235;000.0;0718.1;",
            "10:52;+29.7;026;1012.7;00.6;019;000.0;0714.7;",
            "10:53;+29.8;027;1012.7;00.2;029;000.0;0711.5;",
            "10:54;+29.9;027;1012.7;01.6;339;000.0;0714.1;",
            "10:55;+29.8;026;1012.7;00.8;008;000.0;0715.9;",
            "10:56;+29.6;026;1012.7;00.6;018;000.0;0718.9;",
            "10:57;+29.7;027;1012.7;00.4;043;000.0;0720.7;",
            "10:58;+29.7;026;1012.6;01.2;018;000.0;0721.6;",
            "10:59;+29.7;026;1012.7;01.2;343;000.0;0722.1;",
            "11:00;+29.8;025;1012.6;01.4;349;000.0;0722.8;",
            "11:01;+30.0;025;1012.6;03.0;336;000.0;0724.9;",
            "11:02;+30.0;025;1012.6;02.4;314;000.0;0727.4;",
            "11:03;+30.2;025;1012.6;01.4;005;000.0;0730.5;",
            "11:04;+30.2;025;1012.6;01.2;330;000.0;0730.1;",
            "11:05;+30.2;024;1012.6;00.6;302;000.0;0729.6;",
            "11:06;+29.9;025;1012.5;00.6;265;000.0;0731.7;",
            "11:07;+29.9;025;1012.5;02.4;301;000.0;0732.2;",
            "11:08;+30.0;025;1012.5;02.8;313;000.0;0732.8;",
            "11:09;+30.1;025;1012.5;01.2;302;000.0;0731.7;",
            "11:10;+30.2;025;1012.5;01.4;308;000.0;0732.3;",
            "11:11;+30.3;025;1012.5;01.4;300;000.0;0731.4;",
            "11:12;+30.3;025;1012.5;01.4;304;000.0;0732.1;",
            "11:13;+30.4;025;1012.5;00.8;325;000.0;0731.4;",
            "11:14;+30.5;024;1012.5;02.0;288;000.0;0731.0;",
            "11:15;+30.6;024;1012.5;01.4;275;000.0;0731.4;",
            "11:16;+30.5;024;1012.5;00.8;345;000.0;0733.6;",
            "11:17;+30.5;024;1012.5;01.6;315;000.0;0733.3;",
            "11:18;+30.4;024;1012.5;01.0;304;000.0;0732.0;",
            "11:19;+30.4;024;1012.4;03.6;032;000.0;0734.2;",
            "11:20;+30.3;024;1012.4;00.8;022;000.0;0735.2;",
            "11:21;+30.3;024;1012.4;01.2;340;000.0;0733.2;",
            "11:22;+30.0;024;1012.4;01.4;355;000.0;0733.0;",
            "11:23;+30.0;024;1012.4;01.4;360;000.0;0731.9;",
            "11:24;+30.1;024;1012.4;00.8;306;000.0;0732.3;",
            "11:25;+30.3;024;1012.4;01.2;006;000.0;0733.1;",
            "11:26;+30.5;024;1012.4;00.6;325;000.0;0734.6;",
            "11:27;+30.6;024;1012.4;01.4;292;000.0;0734.7;",
            "11:28;+30.6;023;1012.4;02.4;328;000.0;0736.2;",
            "11:29;+30.6;023;1012.3;00.6;036;000.0;0736.8;",
            "11:30;+30.3;023;1012.3;00.8;346;000.0;0737.4;",
            "11:31;+30.5;023;1012.3;01.8;314;000.0;0737.5;",
            "11:32;+30.6;023;1012.3;01.6;317;000.0;0739.1;",
            "11:33;+30.6;023;1012.3;01.8;289;000.0;0740.3;",
            "11:34;+30.7;023;1012.3;00.8;302;000.0;0742.4;",
            "11:35;+30.7;023;1012.3;02.8;310;000.0;0741.5;",
            "11:36;+30.9;023;1012.3;01.6;021;000.0;0741.0;",
            "11:37;+31.0;024;1012.2;01.4;344;000.0;0740.9;",
            "11:38;+31.1;023;1012.2;00.0;320;000.0;0740.0;",
            "11:39;+30.9;022;1012.2;00.8;319;000.0;0739.3;",
            "11:40;+30.7;022;1012.2;00.6;265;000.0;0741.0;",
            "11:41;+30.6;022;1012.2;02.0;287;000.0;0741.4;",
            "11:42;+30.7;022;1012.2;00.0;011;000.0;0741.1;",
            "11:43;+30.9;023;1012.2;02.2;323;000.0;0741.7;",
            "11:44;+30.9;022;1012.2;00.6;332;000.0;0741.8;",
            "11:45;+31.0;023;1012.2;00.6;323;000.0;0741.1;",
            "11:46;+31.1;022;1012.2;01.8;025;000.0;0740.7;",
            "11:47;+30.8;022;1012.2;00.8;350;000.0;0739.1;",
            "11:48;+30.9;022;1012.2;01.0;308;000.0;0739.5;",
            "11:49;+31.0;022;1012.2;01.8;315;000.0;0741.4;",
            "11:50;+31.0;022;1012.1;01.2;319;000.0;0744.5;",
            "11:51;+30.9;022;1012.1;00.4;220;000.0;0742.7;",
            "11:52;+30.6;022;1012.0;00.0;290;000.0;0741.2;",
            "11:53;+30.9;022;1012.1;00.0;290;000.0;0740.5;",
            "11:54;+31.1;022;1012.1;02.2;293;000.0;0743.6;",
            "11:55;+31.1;021;1012.1;01.4;322;000.0;0744.6;",
            "11:56;+31.2;023;1012.1;00.0;330;000.0;0744.2;",
            "11:57;+31.2;021;1012.0;00.4;242;000.0;0742.9;",
            "11:58;+31.3;022;1012.0;00.4;289;000.0;0741.0;",
            "11:59;+31.2;021;1012.0;01.0;348;000.0;0740.9;",
            "12:00;+31.0;021;1012.0;04.0;330;000.0;0741.7;",
            "12:01;+31.3;021;1012.0;02.0;311;000.0;0743.5;",
            "12:02;+31.4;021;1012.0;01.4;325;000.0;0741.9;",
            "12:03;+31.5;021;1012.0;01.4;327;000.0;0741.8;",
            "12:04;+31.5;021;1012.0;01.6;007;000.0;0741.2;",
            "12:05;+31.5;021;1012.0;00.6;356;000.0;0741.3;",
            "12:06;+31.5;021;1012.0;01.2;029;000.0;0740.6;",
            "12:07;+31.4;020;1012.0;01.4;325;000.0;0741.1;",
            "12:08;+31.2;021;1012.0;00.0;004;000.0;0739.9;",
            "12:09;+31.3;021;1012.0;00.0;329;000.0;0739.1;",
            "12:10;+31.4;021;1012.0;00.8;004;000.0;0738.4;",
            "12:11;+31.5;020;1011.9;00.2;335;000.0;0739.1;",
            "12:12;+31.7;021;1011.9;01.6;329;000.0;0739.6;",
            "12:13;+31.9;021;1011.9;02.4;327;000.0;0739.7;",
            "12:14;+32.0;020;1012.0;04.4;289;000.0;0740.6;",
            "12:15;+31.9;020;1011.9;02.2;310;000.0;0740.3;",
            "12:16;+31.9;020;1011.9;00.8;287;000.0;0739.3;",
            "12:17;+32.0;020;1011.9;00.8;311;000.0;0737.5;",
            "12:18;+32.1;020;1011.9;02.8;310;000.0;0738.5;",
            "12:19;+32.3;020;1011.9;01.4;309;000.0;0739.8;",
            "12:20;+31.9;019;1011.9;01.4;316;000.0;0737.9;",
            "12:21;+32.0;020;1011.9;00.6;339;000.0;0738.4;",
            "12:22;+32.0;020;1011.9;00.6;323;000.0;0738.4;",
            "12:23;+32.0;020;1011.9;00.6;296;000.0;0738.0;",
            "12:24;+32.1;019;1011.9;00.8;337;000.0;0736.3;",
            "12:25;+31.7;019;1011.9;01.2;346;000.0;0736.0;",
            "12:26;+31.8;019;1011.9;01.4;341;000.0;0738.2;",
            "12:27;+31.7;019;1011.9;01.4;285;000.0;0735.9;",
            "12:28;+31.7;019;1011.8;00.8;356;000.0;0735.6;",
            "12:29;+31.5;019;1011.8;01.2;346;000.0;0735.0;",
            "12:30;+31.4;019;1011.8;01.4;312;000.0;0734.2;",
            "12:31;+31.5;019;1011.8;01.2;012;000.0;0734.0;",
            "12:32;+31.5;020;1011.8;00.8;335;000.0;0732.9;",
            "12:33;+31.5;020;1011.8;00.8;326;000.0;0730.0;",
            "12:34;+31.6;019;1011.8;00.4;345;000.0;0726.9;",
            "12:35;+31.5;020;1011.8;00.6;025;000.0;0725.4;",
            "12:36;+31.6;020;1011.8;02.2;319;000.0;0728.4;",
            "12:37;+31.7;020;1011.8;00.6;029;000.0;0728.2;",
            "12:38;+31.5;019;1011.8;00.6;038;000.0;0729.1;",
            "12:39;+31.6;020;1011.8;01.2;265;000.0;0728.8;",
            "12:40;+31.5;020;1011.8;01.6;258;000.0;0728.4;",
            "12:41;+31.6;021;1011.7;00.8;275;000.0;0727.4;",
            "12:42;+31.7;020;1011.7;00.4;239;000.0;0725.8;",
            "12:43;+31.9;020;1011.7;00.0;353;000.0;0724.2;",
            "12:44;+31.7;019;1011.7;00.0;329;000.0;0723.9;",
            "12:45;+31.7;019;1011.7;00.0;012;000.0;0724.5;",
            "12:46;+31.8;019;1011.7;00.0;333;000.0;0723.3;",
            "12:47;+31.8;019;1011.7;00.0;002;000.0;0723.1;",
            "12:48;+31.8;019;1011.7;00.0;004;000.0;0722.4;",
            "12:49;+31.7;019;1011.7;00.6;027;000.0;0720.6;",
            "12:50;+31.7;019;1011.7;00.0;093;000.0;0720.6;",
            "12:51;+31.9;019;1011.7;00.0;095;000.0;0720.5;",
            "12:52;+31.8;019;1011.7;00.0;004;000.0;0720.2;",
            "12:53;+31.9;019;1011.7;00.0;004;000.0;0717.3;",
            "12:54;+31.9;019;1011.7;00.2;307;000.0;0716.7;",
            "12:55;+32.0;019;1011.7;00.8;304;000.0;0716.5;",
            "12:56;+32.1;019;1011.7;02.8;306;000.0;0716.5;",
            "12:57;+32.2;019;1011.7;01.4;335;000.0;0718.5;",
            "12:58;+32.4;018;1011.7;00.6;329;000.0;0719.1;",
            "12:59;+32.2;018;1011.7;01.0;345;000.0;0715.9;",
            "13:00;+32.3;018;1011.7;01.4;352;000.0;0714.5;",
            "13:01;+32.2;019;1011.7;00.8;325;000.0;0713.0;",
            "13:02;+32.4;018;1011.7;01.8;342;000.0;0713.4;",
            "13:03;+32.1;017;1011.7;01.2;009;000.0;0713.5;",
            "13:04;+32.2;017;1011.7;02.0;287;000.0;0712.7;",
            "13:05;+32.2;018;1011.7;00.8;330;000.0;0710.9;",
            "13:06;+32.3;017;1011.7;02.0;320;000.0;0708.4;",
            "13:07;+32.1;017;1011.7;01.4;270;000.0;0706.8;",
            "13:08;+32.0;017;1011.7;01.2;270;000.0;0705.9;",
            "13:09;+32.1;017;1011.7;00.0;325;000.0;0703.3;",
            "13:10;+32.0;017;1011.6;00.0;325;000.0;0702.1;",
            "13:11;+31.9;017;1011.6;01.0;029;000.0;0699.6;",
            "13:12;+32.0;016;1011.7;01.6;331;000.0;0699.7;",
            "13:13;+31.8;017;1011.6;00.4;339;000.0;0697.9;",
            "13:14;+31.9;017;1011.6;01.2;008;000.0;0697.9;",
            "13:15;+32.0;017;1011.6;00.6;320;000.0;0696.2;",
            "13:16;+32.1;017;1011.6;00.8;340;000.0;0695.9;",
            "13:17;+32.1;017;1011.5;00.6;265;000.0;0697.1;",
            "13:18;+32.0;017;1011.5;00.8;042;000.0;0693.4;",
            "13:19;+31.7;017;1011.5;01.2;339;000.0;0692.7;",
            "13:20;+31.8;017;1011.5;02.0;309;000.0;0689.1;",
            "13:21;+31.7;017;1011.5;00.8;002;000.0;0687.8;",
            "13:22;+31.6;017;1011.5;00.2;360;000.0;0686.0;",
            "13:23;+31.8;017;1011.5;00.6;341;000.0;0681.7;",
            "13:24;+31.8;017;1011.5;01.6;326;000.0;0681.5;",
            "13:25;+31.8;017;1011.5;02.0;309;000.0;0680.3;",
            "13:26;+31.8;017;1011.5;01.2;335;000.0;0680.0;",
            "13:27;+31.7;017;1011.5;00.8;352;000.0;0677.4;",
            "13:28;+31.7;018;1011.5;03.2;325;000.0;0676.5;",
            "13:29;+31.8;018;1011.5;01.2;317;000.0;0677.6;",
            "13:30;+31.7;018;1011.5;02.6;302;000.0;0678.1;",
            "13:31;+31.6;018;1011.4;00.8;285;000.0;0677.4;",
            "13:32;+31.5;017;1011.4;00.0;289;000.0;0673.6;",
            "13:33;+31.5;017;1011.4;00.0;289;000.0;0670.1;",
            "13:34;+31.5;018;1011.4;00.0;289;000.0;0666.4;",
            "13:35;+31.6;019;1011.4;00.6;289;000.0;0665.5;",
            "13:36;+31.6;018;1011.4;02.4;304;000.0;0663.8;",
            "13:37;+31.6;018;1011.4;02.8;302;000.0;0664.9;",
            "13:38;+31.6;018;1011.4;00.8;314;000.0;0663.8;",
            "13:39;+31.6;018;1011.4;01.4;279;000.0;0661.7;",
            "13:40;+31.5;018;1011.4;00.6;307;000.0;0661.2;",
            "13:41;+31.5;019;1011.4;02.0;248;000.0;0660.1;",
            "13:42;+31.5;018;1011.4;00.2;312;000.0;0658.2;",
            "13:43;+31.5;018;1011.4;00.6;283;000.0;0657.2;",
            "13:44;+31.5;018;1011.3;00.4;275;000.0;0654.5;",
            "13:45;+31.5;018;1011.3;00.0;275;000.0;0652.5;",
            "13:46;+31.4;018;1011.3;00.2;275;000.0;0650.6;",
            "13:47;+31.3;019;1011.3;01.2;032;000.0;0649.9;",
            "13:48;+31.3;018;1011.3;01.4;096;000.0;0649.9;",
            "13:49;+31.3;018;1011.3;01.2;321;000.0;0648.3;",
            "13:50;+31.3;018;1011.2;01.0;048;000.0;0646.1;",
            "13:51;+31.3;018;1011.2;00.8;340;000.0;0643.4;",
            "13:52;+31.3;019;1011.2;01.6;046;000.0;0642.5;",
            "13:53;+31.3;018;1011.2;00.4;044;000.0;0639.9;",
            "13:54;+31.3;018;1011.2;00.6;014;000.0;0636.8;",
            "13:55;+31.2;018;1011.2;00.0;029;000.0;0634.6;",
            "13:56;+31.2;018;1011.2;00.4;004;000.0;0634.1;",
            "13:57;+31.2;019;1011.2;00.2;053;000.0;0632.0;",
            "13:58;+31.2;019;1011.2;00.0;053;000.0;0631.0;",
            "13:59;+31.3;019;1011.2;00.0;053;000.0;0630.1;",
            "14:00;+31.3;018;1011.2;00.0;016;000.0;0627.9;",
            "14:01;+31.3;019;1011.2;00.8;323;000.0;0625.6;",
            "14:02;+31.3;019;1011.1;01.8;021;000.0;0624.0;",
            "14:03;+31.3;019;1011.1;00.8;292;000.0;0622.3;",
            "14:04;+31.2;019;1011.1;01.4;354;000.0;0620.3;",
            "14:05;+31.2;019;1011.1;02.4;010;000.0;0618.2;",
            "14:06;+31.1;019;1011.1;01.0;046;000.0;0615.5;",
            "14:07;+31.0;019;1011.1;00.6;023;000.0;0610.8;",
            "14:08;+30.9;018;1011.1;01.4;325;000.0;0608.6;",
            "14:09;+30.9;019;1011.1;00.6;301;000.0;0606.8;",
            "14:10;+31.0;019;1011.1;01.8;298;000.0;0604.1;",
            "14:11;+31.0;019;1011.1;00.2;333;000.0;0602.4;",
            "14:12;+31.0;019;1011.1;00.8;260;000.0;0599.7;",
            "14:13;+31.0;020;1011.0;00.8;323;000.0;0600.1;",
            "14:14;+31.1;020;1011.0;00.2;050;000.0;0597.9;",
            "14:15;+31.1;019;1011.0;00.6;073;000.0;0597.0;",
            "14:16;+31.0;019;1011.0;00.4;330;000.0;0594.8;",
            "14:17;+31.0;019;1011.0;00.8;028;000.0;0591.6;",
            "14:18;+31.1;019;1011.0;00.8;028;000.0;0589.6;",
            "14:19;+31.0;019;1011.0;01.6;355;000.0;0589.2;",
            "14:20;+31.0;018;1011.0;00.8;127;000.0;0588.1;",
            "14:21;+30.9;019;1011.0;00.0;325;000.0;0586.0;",
            "14:22;+31.0;019;1011.0;01.0;326;000.0;0583.8;",
            "14:23;+31.0;018;1010.9;05.2;348;000.0;0582.8;",
            "14:24;+31.0;019;1010.9;01.4;308;000.0;0580.9;",
            "14:25;+30.9;018;1010.9;00.4;310;000.0;0577.9;",
            "14:26;+31.0;019;1010.9;01.2;032;000.0;0574.0;",
            "14:27;+30.9;018;1010.9;01.0;319;000.0;0571.9;",
            "14:28;+30.8;018;1010.9;03.0;045;000.0;0570.6;",
            "14:29;+30.8;019;1010.9;01.0;321;000.0;0570.5;",
            "14:30;+30.9;019;1010.9;01.8;323;000.0;0567.6;",
            "14:31;+30.9;019;1010.9;01.2;303;000.0;0565.1;",
            "14:32;+31.0;019;1010.9;01.2;350;000.0;0562.6;",
            "14:33;+30.9;019;1010.8;00.6;006;000.0;0560.1;",
            "14:34;+30.9;019;1010.8;01.6;054;000.0;0557.1;",
            "14:35;+30.9;019;1010.8;01.4;339;000.0;0555.7;",
            "14:36;+30.9;019;1010.8;00.6;311;000.0;0552.2;",
            "14:37;+30.8;019;1010.8;00.0;023;000.0;0549.9;",
            "14:38;+30.8;019;1010.8;00.4;004;000.0;0548.1;",
            "14:39;+30.8;019;1010.8;00.2;333;000.0;0546.0;",
            "14:40;+30.8;019;1010.8;00.6;035;000.0;0545.5;",
            "14:41;+30.8;019;1010.8;00.8;079;000.0;0543.1;",
            "14:42;+30.8;019;1010.8;01.0;250;000.0;0540.4;",
            "14:43;+30.8;019;1010.8;00.8;348;000.0;0539.9;",
            "14:44;+30.9;019;1010.8;02.4;336;000.0;0539.7;",
            "14:45;+30.8;019;1010.8;01.6;319;000.0;0536.7;",
            "14:46;+30.8;019;1010.8;02.0;319;000.0;0534.7;",
            "14:47;+30.7;020;1010.8;01.4;265;000.0;0531.3;",
            "14:48;+30.8;020;1010.8;00.6;304;000.0;0527.8;",
            "14:49;+30.8;020;1010.7;00.4;304;000.0;0525.1;",
            "14:50;+30.8;020;1010.7;00.4;346;000.0;0521.3;",
            "14:51;+30.7;019;1010.7;00.0;346;000.0;0518.7;",
            "14:52;+30.7;020;1010.7;00.0;335;000.0;0514.9;",
            "14:53;+30.7;020;1010.7;00.0;335;000.0;0511.4;",
            "14:54;+30.7;019;1010.7;00.4;351;000.0;0509.7;",
            "14:55;+30.8;019;1010.7;01.6;096;000.0;0507.7;",
            "14:56;+30.9;020;1010.7;00.4;021;000.0;0505.4;",
            "14:57;+30.9;019;1010.7;01.0;314;000.0;0501.9;",
            "14:58;+30.8;019;1010.7;02.2;355;000.0;0500.3;",
            "14:59;+30.8;019;1010.7;00.0;360;000.0;0497.8;",
            "15:00;+30.8;020;1010.6;00.8;312;000.0;0496.4;",
            "15:01;+30.9;020;1010.6;01.4;306;000.0;0496.4;",
            "15:02;+30.9;019;1010.6;00.8;320;000.0;0494.9;",
            "15:03;+30.9;019;1010.6;01.2;310;000.0;0493.2;",
            "15:04;+30.9;019;1010.6;01.6;308;000.0;0490.3;",
            "15:05;+30.9;020;1010.6;01.0;265;000.0;0488.4;",
            "15:06;+30.9;020;1010.6;01.2;329;000.0;0485.0;",
            "15:07;+31.0;019;1010.6;01.2;337;000.0;0482.6;",
            "15:08;+30.9;019;1010.6;00.6;329;000.0;0479.7;",
            "15:09;+30.9;020;1010.6;00.8;318;000.0;0476.6;",
            "15:10;+30.9;019;1010.5;00.6;308;000.0;0473.6;",
            "15:11;+30.9;019;1010.5;00.0;308;000.0;0470.5;",
            "15:12;+30.9;019;1010.5;00.6;057;000.0;0467.7;",
            "15:13;+30.9;019;1010.5;00.6;021;000.0;0465.0;",
            "15:14;+30.9;019;1010.5;00.8;095;000.0;0462.7;",
            "15:15;+30.9;019;1010.5;00.0;077;000.0;0459.8;",
            "15:16;+30.9;020;1010.5;00.0;077;000.0;0457.0;",
            "15:17;+30.9;020;1010.5;00.4;042;000.0;0454.0;",
            "15:18;+30.9;019;1010.5;01.4;056;000.0;0452.1;",
            "15:19;+30.9;019;1010.5;01.0;004;000.0;0450.8;",
            "15:20;+30.9;019;1010.5;00.2;028;000.0;0447.3;",
            "15:21;+30.9;019;1010.4;00.6;014;000.0;0444.2;",
            "15:22;+30.8;019;1010.4;00.6;347;000.0;0441.4;",
            "15:23;+30.9;020;1010.4;01.0;317;000.0;0439.0;",
            "15:24;+31.0;019;1010.5;01.4;337;000.0;0436.7;",
            "15:25;+31.0;019;1010.5;01.2;337;000.0;0435.1;",
            "15:26;+30.9;019;1010.5;01.2;089;000.0;0432.8;",
            "15:27;+30.8;019;1010.4;00.6;069;000.0;0430.5;",
            "15:28;+30.8;019;1010.5;00.6;337;000.0;0427.9;",
            "15:29;+30.8;019;1010.5;01.2;035;000.0;0425.3;",
            "15:30;+30.8;019;1010.5;00.4;014;000.0;0423.1;",
            "15:31;+30.7;019;1010.4;00.2;011;000.0;0420.5;",
            "15:32;+30.7;020;1010.4;00.0;011;000.0;0417.9;",
            "15:33;+30.8;020;1010.4;00.0;036;000.0;0415.5;",
            "15:34;+30.8;020;1010.4;00.0;007;000.0;0412.8;",
            "15:35;+30.8;020;1010.4;01.4;023;000.0;0409.6;",
            "15:36;+30.8;019;1010.4;00.6;333;000.0;0406.8;",
            "15:37;+30.8;019;1010.4;00.8;348;000.0;0404.4;",
            "15:38;+30.8;019;1010.4;01.2;339;000.0;0402.1;",
            "15:39;+30.8;019;1010.4;00.6;316;000.0;0399.8;",
            "15:40;+30.8;020;1010.4;00.6;044;000.0;0396.4;",
            "15:41;+30.8;020;1010.4;00.8;019;000.0;0393.8;",
            "15:42;+30.8;020;1010.4;00.6;033;000.0;0390.7;",
            "15:43;+30.8;020;1010.4;01.4;063;000.0;0389.1;",
            "15:44;+30.7;020;1010.4;01.6;348;000.0;0385.3;",
            "15:45;+30.7;019;1010.3;01.4;331;000.0;0382.8;",
            "15:46;+30.7;020;1010.3;01.0;080;000.0;0379.7;",
            "15:47;+30.7;020;1010.3;00.6;038;000.0;0375.8;",
            "15:48;+30.7;021;1010.3;00.6;053;000.0;0371.4;",
            "15:49;+30.7;020;1010.3;00.4;057;000.0;0368.2;",
            "15:50;+30.7;021;1010.3;01.2;103;000.0;0365.5;",
            "15:51;+30.7;021;1010.3;00.8;095;000.0;0363.4;",
            "15:52;+30.6;021;1010.3;00.6;142;000.0;0360.5;",
            "15:53;+30.6;022;1010.3;00.6;011;000.0;0356.8;",
            "15:54;+30.6;021;1010.3;01.4;017;000.0;0353.5;",
            "15:55;+30.6;021;1010.3;00.2;044;000.0;0350.5;",
            "15:56;+30.6;021;1010.3;00.4;044;000.0;0347.3;",
            "15:57;+30.6;022;1010.3;00.0;107;000.0;0344.1;",
            "15:58;+30.6;021;1010.3;00.0;120;000.0;0340.9;",
            "15:59;+30.6;021;1010.3;01.0;105;000.0;0338.5;",
            "16:00;+30.6;022;1010.2;00.4;152;000.0;0336.9;",
            "16:01;+30.5;021;1010.2;00.6;115;000.0;0334.5;",
            "16:02;+30.5;022;1010.2;01.6;107;000.0;0331.5;",
            "16:03;+30.5;021;1010.2;00.6;351;000.0;0328.5;",
            "16:04;+30.4;021;1010.2;01.4;063;000.0;0326.7;",
            "16:05;+30.4;021;1010.2;00.2;070;000.0;0323.3;",
            "16:06;+30.4;021;1010.2;00.6;077;000.0;0320.9;",
            "16:07;+30.4;021;1010.2;01.2;103;000.0;0318.1;",
            "16:08;+30.4;021;1010.2;01.2;067;000.0;0314.5;",
            "16:09;+30.4;022;1010.2;01.6;111;000.0;0310.5;",
            "16:10;+30.3;022;1010.2;00.0;108;000.0;0307.7;",
            "16:11;+30.3;022;1010.2;00.0;106;000.0;0304.2;",
            "16:12;+30.3;022;1010.2;00.6;090;000.0;0302.3;",
            "16:13;+30.3;021;1010.2;01.2;061;000.0;0300.4;",
            "16:14;+30.3;021;1010.2;00.6;073;000.0;0298.4;",
            "16:15;+30.3;021;1010.2;01.2;045;000.0;0295.9;",
            "16:16;+30.3;021;1010.2;00.2;100;000.0;0293.7;",
            "16:17;+30.2;021;1010.2;00.6;123;000.0;0290.2;",
            "16:18;+30.2;022;1010.2;01.6;119;000.0;0286.9;",
            "16:19;+30.2;022;1010.2;00.8;040;000.0;0284.1;",
            "16:20;+30.2;021;1010.2;00.6;104;000.0;0281.2;",
            "16:21;+30.2;022;1010.2;00.4;305;000.0;0278.7;",
            "16:22;+30.2;022;1010.2;00.8;115;000.0;0276.1;",
            "16:23;+30.2;022;1010.2;00.8;046;000.0;0273.4;",
            "16:24;+30.1;022;1010.2;01.2;093;000.0;0270.4;",
            "16:25;+30.1;022;1010.2;01.2;039;000.0;0268.4;",
            "16:26;+30.1;022;1010.2;00.6;050;000.0;0265.3;",
            "16:27;+30.1;021;1010.2;00.4;125;000.0;0261.9;",
            "16:28;+30.1;022;1010.2;00.6;090;000.0;0259.3;",
            "16:29;+30.0;022;1010.2;00.6;159;000.0;0256.3;",
            "16:30;+30.0;022;1010.2;01.0;133;000.0;0254.1;",
            "16:31;+30.1;022;1010.2;01.8;121;000.0;0250.7;",
            "16:32;+30.1;022;1010.2;00.4;074;000.0;0247.7;",
            "16:33;+30.0;021;1010.2;02.6;054;000.0;0245.3;",
            "16:34;+30.0;023;1010.2;00.6;092;000.0;0242.9;",
            "16:35;+29.9;022;1010.2;01.4;051;000.0;0240.1;",
            "16:36;+29.9;022;1010.2;00.8;074;000.0;0237.3;",
            "16:37;+29.9;023;1010.2;00.6;054;000.0;0234.3;",
            "16:38;+29.9;023;1010.2;00.0;128;000.0;0231.2;",
            "16:39;+29.8;024;1010.1;00.6;103;000.0;0228.5;",
            "16:40;+29.8;023;1010.1;00.2;104;000.0;0225.7;",
            "16:41;+29.7;023;1010.1;00.0;104;000.0;0222.5;",
            "16:42;+29.7;022;1010.1;00.8;069;000.0;0219.9;",
            "16:43;+29.7;023;1010.1;01.4;071;000.0;0217.6;",
            "16:44;+29.7;023;1010.1;01.0;092;000.0;0215.2;",
            "16:45;+29.7;022;1010.1;01.0;126;000.0;0213.0;",
            "16:46;+29.7;024;1010.1;01.4;075;000.0;0209.5;",
            "16:47;+29.7;026;1010.1;01.0;096;000.0;0206.1;",
            "16:48;+29.7;027;1010.1;01.4;072;000.0;0202.4;",
            "16:49;+29.6;027;1010.1;01.4;104;000.0;0199.2;",
            "16:50;+29.6;027;1010.1;01.0;113;000.0;0197.0;",
            "16:51;+29.6;028;1010.1;02.4;103;000.0;0193.5;",
            "16:52;+29.5;028;1010.2;02.4;067;000.0;0191.4;",
            "16:53;+29.6;028;1010.2;01.4;106;000.0;0189.3;",
            "16:54;+29.5;028;1010.1;02.0;104;000.0;0185.7;",
            "16:55;+29.5;028;1010.2;00.8;177;000.0;0180.9;",
            "16:56;+29.5;029;1010.2;00.8;104;000.0;0178.0;",
            "16:57;+29.4;029;1010.1;01.6;071;000.0;0175.6;",
            "16:58;+29.4;029;1010.1;00.8;090;000.0;0172.4;",
            "16:59;+29.4;029;1010.1;01.4;107;000.0;0170.0;",
            "17:00;+29.3;029;1010.1;01.0;117;000.0;0167.4;",
            "17:01;+29.3;029;1010.1;01.2;097;000.0;0163.1;",
            "17:02;+29.3;029;1010.1;01.4;069;000.0;0157.9;",
            "17:03;+29.2;029;1010.1;01.4;103;000.0;0154.7;",
            "17:04;+29.2;029;1010.1;00.8;099;000.0;0153.6;",
            "17:05;+29.2;029;1010.1;01.2;105;000.0;0151.3;",
            "17:06;+29.2;029;1010.1;00.8;067;000.0;0149.2;",
            "17:07;+29.1;029;1010.1;00.8;031;000.0;0145.5;",
            "17:08;+29.1;029;1010.1;03.0;109;000.0;0142.8;",
            "17:09;+29.0;030;1010.1;00.8;043;000.0;0139.3;",
            "17:10;+29.0;030;1010.1;01.4;092;000.0;0137.4;",
            "17:11;+28.9;030;1010.1;00.6;107;000.0;0125.3;",
            "17:12;+28.9;030;1010.1;00.6;116;000.0;0099.3;",
            "17:13;+28.9;030;1010.1;00.8;118;000.0;0092.9;",
            "17:14;+28.9;030;1010.1;01.8;139;000.0;0107.3;",
            "17:15;+28.9;030;1010.2;01.2;150;000.0;0122.7;",
            "17:16;+28.9;031;1010.1;01.4;180;000.0;0122.7;",
            "17:17;+28.8;031;1010.2;00.0;155;000.0;0119.8;",
            "17:18;+28.8;031;1010.2;00.0;076;000.0;0116.8;",
            "17:19;+28.8;031;1010.2;01.8;108;000.0;0106.2;",
            "17:20;+28.8;031;1010.2;01.4;112;000.0;0069.0;",
            "17:21;+28.7;031;1010.2;01.0;102;000.0;0046.9;",
            "17:22;+28.7;032;1010.2;01.4;117;000.0;0045.8;",
            "17:23;+28.7;032;1010.2;00.4;069;000.0;0044.9;",
            "17:24;+28.6;032;1010.2;00.8;139;000.0;0044.7;",
            "17:25;+28.6;032;1010.2;00.8;069;000.0;0044.2;",
            "17:26;+28.6;032;1010.2;01.2;088;000.0;0043.3;",
            "17:27;+28.6;032;1010.1;00.8;059;000.0;0042.5;",
            "17:28;+28.5;033;1010.1;01.2;046;000.0;0042.3;",
            "17:29;+28.5;032;1010.1;02.0;114;000.0;0041.5;",
            "17:30;+28.4;033;1010.1;01.2;130;000.0;0041.0;",
            "17:31;+28.4;033;1010.1;02.4;110;000.0;0040.2;",
            "17:32;+28.4;033;1010.1;02.0;078;000.0;0039.4;",
            "17:33;+28.3;033;1010.1;01.2;103;000.0;0038.8;",
            "17:34;+28.3;033;1010.1;01.6;066;000.0;0038.1;",
            "17:35;+28.2;033;1010.1;01.2;157;000.0;0037.5;",
            "17:36;+28.2;033;1010.1;00.6;096;000.0;0036.9;",
            "17:37;+28.2;033;1010.1;01.2;075;000.0;0035.8;",
            "17:38;+28.1;033;1010.1;00.8;098;000.0;0035.3;",
            "17:39;+28.1;033;1010.1;00.6;100;000.0;0034.7;",
            "17:40;+28.1;033;1010.1;00.0;171;000.0;0033.8;",
            "17:41;+28.1;034;1010.1;01.2;089;000.0;0033.1;",
            "17:42;+28.0;034;1010.1;01.4;119;000.0;0032.6;",
            "17:43;+28.0;034;1010.1;01.8;114;000.0;0032.1;",
            "17:44;+28.0;034;1010.1;02.0;124;000.0;0031.7;",
            "17:45;+27.9;034;1010.2;01.6;079;000.0;0031.0;",
            "17:46;+27.9;035;1010.1;00.6;121;000.0;0030.3;",
            "17:47;+27.8;034;1010.2;01.2;117;000.0;0029.6;",
            "17:48;+27.8;035;1010.2;00.8;127;000.0;0028.9;",
            "17:49;+27.8;034;1010.2;01.6;061;000.0;0028.1;",
            "17:50;+27.7;034;1010.2;03.2;080;000.0;0027.6;",
            "17:51;+27.7;035;1010.2;00.6;108;000.0;0026.9;",
            "17:52;+27.7;035;1010.2;00.8;101;000.0;0026.3;",
            "17:53;+27.6;035;1010.1;01.6;073;000.0;0025.4;",
            "17:54;+27.6;035;1010.1;01.0;078;000.0;0024.8;",
            "17:55;+27.5;035;1010.1;00.6;083;000.0;0024.1;",
            "17:56;+27.5;035;1010.1;00.6;054;000.0;0023.3;",
            "17:57;+27.4;035;1010.1;00.6;085;000.0;0022.6;",
            "17:58;+27.4;035;1010.1;01.2;098;000.0;0021.8;",
            "17:59;+27.4;035;1010.1;01.2;111;000.0;0021.1;",
            "18:00;+27.4;036;1010.2;00.8;073;000.0;0020.6;",
            "18:01;+27.3;036;1010.2;01.4;114;000.0;0019.8;",
            "18:02;+27.3;036;1010.2;01.0;090;000.0;0019.1;",
            "18:03;+27.3;036;1010.2;01.0;098;000.0;0018.5;",
            "18:04;+27.2;036;1010.2;00.6;110;000.0;0017.5;",
            "18:05;+27.2;036;1010.2;00.6;083;000.0;0016.8;",
            "18:06;+27.1;037;1010.1;00.6;087;000.0;0016.1;",
            "18:07;+27.1;037;1010.1;01.6;147;000.0;0015.2;",
            "18:08;+27.0;037;1010.1;00.8;107;000.0;0014.6;",
            "18:09;+27.0;037;1010.1;00.6;107;000.0;0013.8;",
            "18:10;+26.9;037;1010.1;00.8;060;000.0;0012.9;",
            "18:11;+26.8;037;1010.1;00.6;094;000.0;0012.0;",
            "18:12;+26.8;037;1010.1;00.4;133;000.0;0011.1;",
            "18:13;+26.7;037;1010.2;00.6;093;000.0;0010.2;",
            "18:14;+26.7;037;1010.2;00.0;102;000.0;0009.2;",
            "18:15;+26.7;037;1010.2;00.4;102;000.0;0008.1;",
            "18:16;+26.6;037;1010.2;00.6;102;000.0;0007.0;",
            "18:17;+26.6;037;1010.2;00.4;102;000.0;0006.2;",
            "18:18;+26.5;037;1010.2;00.4;102;000.0;0005.3;",
            "18:19;+26.5;037;1010.2;00.2;109;000.0;0004.4;",
            "18:20;+26.4;038;1010.2;00.2;109;000.0;0003.5;",
            "18:21;+26.4;038;1010.2;00.2;109;000.0;0002.7;",
            "18:22;+26.4;038;1010.2;01.0;104;000.0;0001.9;",
            "18:23;+26.3;038;1010.2;00.8;102;000.0;0001.4;",
            "18:24;+26.3;038;1010.1;00.4;108;000.0;0001.0;",
            "18:25;+26.2;038;1010.1;00.0;108;000.0;0000.3;",
            "18:26;+26.2;038;1010.2;00.8;144;000.0;0000.0;",
            "18:27;+26.2;038;1010.2;00.6;046;000.0;0000.0;",
            "18:28;+26.1;038;1010.2;00.0;110;000.0;0000.0;",
            "18:29;+26.1;039;1010.2;00.4;110;000.0;0000.0;",
            "18:30;+26.0;039;1010.2;00.6;110;000.0;0000.0;",
            "18:31;+26.0;039;1010.2;00.4;111;000.0;0000.0;",
            "18:32;+26.0;039;1010.2;00.2;097;000.0;0000.0;",
            "18:33;+25.9;039;1010.2;00.4;097;000.0;0000.0;",
            "18:34;+25.9;039;1010.2;00.0;131;000.0;0000.0;",
            "18:35;+25.9;039;1010.2;00.0;131;000.0;0000.0;",
            "18:36;+25.9;039;1010.3;00.0;131;000.0;0000.0;",
            "18:37;+25.8;039;1010.3;00.0;131;000.0;0000.0;",
            "18:38;+25.7;039;1010.3;00.0;131;000.0;0000.0;",
            "18:39;+25.7;039;1010.3;00.6;085;000.0;0000.0;",
            "18:40;+25.6;039;1010.3;00.8;056;000.0;0000.0;",
            "18:41;+25.6;039;1010.3;00.8;103;000.0;0000.0;",
            "18:42;+25.6;040;1010.3;00.0;103;000.0;0000.0;",
            "18:43;+25.5;040;1010.3;00.4;103;000.0;0000.0;",
            "18:44;+25.4;040;1010.3;00.2;081;000.0;0000.0;",
            "18:45;+25.4;040;1010.3;00.0;092;000.0;0000.0;",
            "18:46;+25.4;040;1010.3;00.8;078;000.0;0000.0;",
            "18:47;+25.3;040;1010.3;00.4;084;000.0;0000.0;",
            "18:48;+25.3;040;1010.3;01.2;071;000.0;0000.0;",
            "18:49;+25.3;040;1010.3;00.4;099;000.0;0000.0;",
            "18:50;+25.2;040;1010.3;00.6;099;000.0;0000.0;",
            "18:51;+25.2;040;1010.3;00.6;097;000.0;0000.0;",
            "18:52;+25.2;040;1010.3;00.0;131;000.0;0000.0;",
            "18:53;+25.1;041;1010.3;00.0;131;000.0;0000.0;",
            "18:54;+25.1;041;1010.3;00.0;139;000.0;0000.0;",
            "18:55;+25.1;041;1010.3;00.0;139;000.0;0000.0;",
            "18:56;+25.0;041;1010.3;00.0;133;000.0;0000.0;",
            "18:57;+25.0;041;1010.3;00.0;115;000.0;0000.0;",
            "18:58;+25.0;041;1010.3;00.4;123;000.0;0000.0;",
            "18:59;+24.9;041;1010.3;00.4;120;000.0;0000.0;",
            "19:00;+24.9;041;1010.3;00.2;126;000.0;0000.0;",
            "19:01;+24.8;041;1010.3;00.0;126;000.0;0000.0;",
            "19:02;+24.8;041;1010.3;00.2;091;000.0;0000.0;",
            "19:03;+24.8;041;1010.3;00.4;131;000.0;0000.0;",
            "19:04;+24.7;041;1010.3;00.0;116;000.0;0000.0;",
            "19:05;+24.7;041;1010.3;00.6;127;000.0;0000.0;",
            "19:06;+24.6;042;1010.3;00.4;127;000.0;0000.0;",
            "19:07;+24.6;042;1010.3;00.2;127;000.0;0000.0;",
            "19:08;+24.6;042;1010.3;00.6;142;000.0;0000.0;",
            "19:09;+24.5;042;1010.3;01.0;088;000.0;0000.0;",
            "19:10;+24.5;042;1010.3;00.4;117;000.0;0000.0;",
            "19:11;+24.5;042;1010.3;00.0;117;000.0;0000.0;",
            "19:12;+24.5;042;1010.3;00.8;099;000.0;0000.0;",
            "19:13;+24.5;042;1010.3;00.4;111;000.0;0000.0;",
            "19:14;+24.4;042;1010.3;00.8;111;000.0;0000.0;",
            "19:15;+24.4;042;1010.4;00.8;113;000.0;0000.0;",
            "19:16;+24.4;042;1010.4;00.4;148;000.0;0000.0;",
            "19:17;+24.4;042;1010.4;00.6;102;000.0;0000.0;",
            "19:18;+24.4;042;1010.4;00.4;110;000.0;0000.0;",
            "19:19;+24.3;042;1010.4;00.4;110;000.0;0000.0;",
            "19:20;+24.3;042;1010.4;00.0;110;000.0;0000.0;",
            "19:21;+24.3;042;1010.4;00.2;110;000.0;0000.0;",
            "19:22;+24.2;042;1010.4;00.8;109;000.0;0000.0;",
            "19:23;+24.2;043;1010.4;00.4;109;000.0;0000.0;",
            "19:24;+24.2;042;1010.5;00.0;109;000.0;0000.0;",
            "19:25;+24.2;043;1010.5;00.0;111;000.0;0000.0;",
            "19:26;+24.1;043;1010.5;00.4;115;000.0;0000.0;",
            "19:27;+24.1;043;1010.5;00.0;110;000.0;0000.0;",
            "19:28;+24.1;043;1010.5;00.0;110;000.0;0000.0;",
            "19:29;+24.0;043;1010.5;00.0;110;000.0;0000.0;",
            "19:30;+24.0;043;1010.5;00.0;110;000.0;0000.0;",
            "19:31;+24.0;043;1010.5;00.0;110;000.0;0000.0;",
            "19:32;+24.0;043;1010.5;00.0;110;000.0;0000.0;",
            "19:33;+23.9;043;1010.5;00.0;110;000.0;0000.0;",
            "19:34;+23.9;043;1010.5;00.0;110;000.0;0000.0;",
            "19:35;+23.9;043;1010.5;00.0;110;000.0;0000.0;",
            "19:36;+23.8;043;1010.5;00.0;110;000.0;0000.0;",
            "19:37;+23.8;043;1010.6;00.0;110;000.0;0000.0;",
            "19:38;+23.8;043;1010.6;00.0;110;000.0;0000.0;",
            "19:39;+23.8;043;1010.6;00.0;110;000.0;0000.0;",
            "19:40;+23.7;043;1010.6;00.0;151;000.0;0000.0;",
            "19:41;+23.7;044;1010.6;00.0;129;000.0;0000.0;",
            "19:42;+23.7;044;1010.6;00.0;129;000.0;0000.0;",
            "19:43;+23.7;044;1010.6;00.0;129;000.0;0000.0;",
            "19:44;+23.6;044;1010.6;00.0;129;000.0;0000.0;",
            "19:45;+23.6;044;1010.6;00.0;129;000.0;0000.0;",
            "19:46;+23.6;044;1010.6;00.0;129;000.0;0000.0;",
            "19:47;+23.6;045;1010.6;00.0;129;000.0;0000.0;",
            "19:48;+23.5;045;1010.6;00.0;129;000.0;0000.0;",
            "19:49;+23.5;045;1010.6;00.0;129;000.0;0000.0;",
            "19:50;+23.4;045;1010.6;00.0;129;000.0;0000.0;",
            "19:51;+23.4;045;1010.6;00.0;129;000.0;0000.0;",
            "19:52;+23.4;045;1010.6;00.0;129;000.0;0000.0;",
            "19:53;+23.4;045;1010.6;00.0;129;000.0;0000.0;",
            "19:54;+23.3;045;1010.6;00.0;129;000.0;0000.0;",
            "19:55;+23.3;045;1010.6;00.0;129;000.0;0000.0;",
            "19:56;+23.3;046;1010.7;00.0;129;000.0;0000.0;",
            "19:57;+23.3;046;1010.7;00.0;129;000.0;0000.0;",
            "19:58;+23.3;046;1010.7;00.0;129;000.0;0000.0;",
            "19:59;+23.2;046;1010.7;00.0;129;000.0;0000.0;",
            "20:00;+23.2;046;1010.7;00.0;129;000.0;0000.0;",
            "20:01;+23.2;046;1010.7;00.0;129;000.0;0000.0;",
            "20:02;+23.2;046;1010.7;00.4;129;000.0;0000.0;",
            "20:03;+23.2;046;1010.7;00.0;129;000.0;0000.0;",
            "20:04;+23.1;046;1010.7;00.0;129;000.0;0000.0;",
            "20:05;+23.1;046;1010.8;00.0;129;000.0;0000.0;",
            "20:06;+23.1;046;1010.8;00.0;129;000.0;0000.0;",
            "20:07;+23.1;046;1010.8;00.0;131;000.0;0000.0;",
            "20:08;+23.0;046;1010.8;00.0;141;000.0;0000.0;",
            "20:09;+23.0;047;1010.8;00.0;140;000.0;0000.0;",
            "20:10;+23.0;047;1010.8;00.0;141;000.0;0000.0;",
            "20:11;+23.0;047;1010.8;00.6;169;000.0;0000.0;",
            "20:12;+23.0;047;1010.8;00.6;170;000.0;0000.0;",
            "20:13;+22.9;047;1010.8;00.6;146;000.0;0000.0;",
            "20:14;+22.9;047;1010.8;00.6;146;000.0;0000.0;",
            "20:15;+22.9;048;1010.8;00.4;146;000.0;0000.0;",
            "20:16;+22.9;047;1010.8;00.0;146;000.0;0000.0;",
            "20:17;+22.9;048;1010.8;00.0;146;000.0;0000.0;",
            "20:18;+22.9;048;1010.8;00.0;146;000.0;0000.0;",
            "20:19;+22.9;048;1010.9;00.0;146;000.0;0000.0;",
            "20:20;+22.9;048;1010.9;00.0;146;000.0;0000.0;",
            "20:21;+22.9;048;1010.9;00.0;146;000.0;0000.0;",
            "20:22;+22.9;048;1010.9;00.4;190;000.0;0000.0;",
            "20:23;+22.8;048;1010.9;00.0;238;000.0;0000.0;",
            "20:24;+22.8;048;1010.9;00.0;238;000.0;0000.0;",
            "20:25;+22.8;048;1010.9;00.0;238;000.0;0000.0;",
            "20:26;+22.8;048;1010.9;00.0;238;000.0;0000.0;",
            "20:27;+22.8;049;1010.9;00.0;158;000.0;0000.0;",
            "20:28;+22.8;049;1010.9;00.0;173;000.0;0000.0;",
            "20:29;+22.8;049;1010.9;00.0;173;000.0;0000.0;",
            "20:30;+22.8;049;1010.9;00.0;173;000.0;0000.0;",
            "20:31;+22.8;049;1010.9;00.0;173;000.0;0000.0;",
            "20:32;+22.7;049;1010.9;00.0;196;000.0;0000.0;",
            "20:33;+22.7;049;1010.9;00.0;196;000.0;0000.0;",
            "20:34;+22.7;049;1010.9;00.0;231;000.0;0000.0;",
            "20:35;+22.7;049;1010.9;00.8;203;000.0;0000.0;",
            "20:36;+22.6;049;1010.9;01.2;201;000.0;0000.0;",
            "20:37;+22.6;049;1010.9;00.8;219;000.0;0000.0;",
            "20:38;+22.6;049;1010.9;00.4;217;000.0;0000.0;",
            "20:39;+22.7;049;1010.9;00.6;182;000.0;0000.0;",
            "20:40;+22.7;049;1010.9;00.6;170;000.0;0000.0;",
            "20:41;+22.7;049;1010.9;00.8;191;000.0;0000.0;",
            "20:42;+22.7;049;1010.9;00.4;185;000.0;0000.0;",
            "20:43;+22.7;049;1010.9;01.0;215;000.0;0000.0;",
            "20:44;+22.7;049;1011.0;01.8;200;000.0;0000.0;",
            "20:45;+22.6;049;1011.0;00.2;168;000.0;0000.0;",
            "20:46;+22.6;049;1010.9;00.8;185;000.0;0000.0;",
            "20:47;+22.6;049;1010.9;01.0;205;000.0;0000.0;",
            "20:48;+22.6;049;1010.9;01.6;191;000.0;0000.0;",
            "20:49;+22.5;049;1010.9;01.6;189;000.0;0000.0;",
            "20:50;+22.5;049;1010.9;02.2;209;000.0;0000.0;",
            "20:51;+22.5;049;1010.9;01.8;196;000.0;0000.0;",
            "20:52;+22.6;048;1010.9;01.6;206;000.0;0000.0;",
            "20:53;+22.6;048;1010.9;00.6;204;000.0;0000.0;",
            "20:54;+22.6;048;1010.9;00.8;196;000.0;0000.0;",
            "20:55;+22.6;048;1010.9;01.6;239;000.0;0000.0;",
            "20:56;+22.7;048;1010.9;01.0;198;000.0;0000.0;",
            "20:57;+22.7;048;1010.9;01.6;176;000.0;0000.0;",
            "20:58;+22.6;048;1010.9;01.0;200;000.0;0000.0;",
            "20:59;+22.6;048;1010.9;00.4;196;000.0;0000.0;",
            "21:00;+22.6;048;1010.9;00.8;216;000.0;0000.0;",
            "21:01;+22.6;048;1010.9;01.4;189;000.0;0000.0;",
            "21:02;+22.5;049;1010.9;00.6;208;000.0;0000.0;",
            "21:03;+22.5;049;1010.9;00.6;197;000.0;0000.0;",
            "21:04;+22.5;048;1010.9;00.2;209;000.0;0000.0;",
            "21:05;+22.5;049;1010.9;00.2;199;000.0;0000.0;",
            "21:06;+22.4;048;1010.9;01.2;228;000.0;0000.0;",
            "21:07;+22.4;049;1010.9;00.2;215;000.0;0000.0;",
            "21:08;+22.4;048;1010.9;00.6;187;000.0;0000.0;",
            "21:09;+22.4;048;1010.9;00.8;188;000.0;0000.0;",
            "21:10;+22.4;048;1010.9;01.0;213;000.0;0000.0;",
            "21:11;+22.4;049;1010.9;00.8;197;000.0;0000.0;",
            "21:12;+22.3;049;1010.9;01.6;208;000.0;0000.0;",
            "21:13;+22.3;049;1010.9;01.2;189;000.0;0000.0;",
            "21:14;+22.3;049;1010.9;00.6;207;000.0;0000.0;",
            "21:15;+22.3;049;1010.9;00.0;183;000.0;0000.0;",
            "21:16;+22.2;049;1010.9;01.4;208;000.0;0000.0;",
            "21:17;+22.2;049;1010.9;01.6;185;000.0;0000.0;",
            "21:18;+22.3;048;1010.9;01.2;177;000.0;0000.0;",
            "21:19;+22.3;048;1010.9;01.6;222;000.0;0000.0;",
            "21:20;+22.3;049;1010.9;00.4;188;000.0;0000.0;",
            "21:21;+22.2;049;1010.9;00.2;174;000.0;0000.0;",
            "21:22;+22.2;049;1010.9;01.4;210;000.0;0000.0;",
            "21:23;+22.2;049;1010.9;00.6;219;000.0;0000.0;",
            "21:24;+22.2;049;1010.9;01.8;206;000.0;0000.0;",
            "21:25;+22.2;049;1010.9;01.6;178;000.0;0000.0;",
            "21:26;+22.1;049;1010.9;01.6;221;000.0;0000.0;",
            "21:27;+22.1;049;1010.9;01.8;246;000.0;0000.0;",
            "21:28;+22.1;049;1010.9;02.0;207;000.0;0000.0;",
            "21:29;+22.1;049;1010.9;02.2;225;000.0;0000.0;",
            "21:30;+22.1;049;1010.9;00.8;206;000.0;0000.0;",
            "21:31;+22.1;048;1010.9;01.6;202;000.0;0000.0;",
            "21:32;+22.1;048;1010.9;01.4;203;000.0;0000.0;",
            "21:33;+22.1;048;1010.9;01.4;202;000.0;0000.0;",
            "21:34;+22.1;048;1010.9;01.0;227;000.0;0000.0;",
            "21:35;+22.2;048;1010.9;02.0;201;000.0;0000.0;",
            "21:36;+22.2;048;1010.9;02.2;186;000.0;0000.0;",
            "21:37;+22.2;048;1010.9;01.6;194;000.0;0000.0;",
            "21:38;+22.2;048;1010.8;01.8;194;000.0;0000.0;",
            "21:39;+22.1;048;1010.8;01.8;202;000.0;0000.0;",
            "21:40;+22.2;048;1010.8;02.0;203;000.0;0000.0;",
            "21:41;+22.2;047;1010.8;01.4;191;000.0;0000.0;",
            "21:42;+22.2;047;1010.8;02.0;203;000.0;0000.0;",
            "21:43;+22.3;047;1010.8;02.8;233;000.0;0000.0;",
            "21:44;+22.3;047;1010.8;01.0;200;000.0;0000.0;",
            "21:45;+22.3;047;1010.8;01.8;212;000.0;0000.0;",
            "21:46;+22.3;047;1010.8;02.2;203;000.0;0000.0;",
            "21:47;+22.3;047;1010.9;02.0;203;000.0;0000.0;",
            "21:48;+22.3;047;1010.9;01.4;212;000.0;0000.0;",
            "21:49;+22.3;047;1010.9;01.6;204;000.0;0000.0;",
            "21:50;+22.3;047;1010.9;01.2;182;000.0;0000.0;",
            "21:51;+22.3;047;1010.9;01.4;184;000.0;0000.0;",
            "21:52;+22.3;047;1010.9;02.4;171;000.0;0000.0;",
            "21:53;+22.2;047;1010.9;01.4;188;000.0;0000.0;",
            "21:54;+22.3;046;1010.9;01.6;215;000.0;0000.0;",
            "21:55;+22.3;046;1010.9;01.6;235;000.0;0000.0;",
            "21:56;+22.3;046;1010.9;02.4;217;000.0;0000.0;",
            "21:57;+22.3;046;1010.9;01.8;211;000.0;0000.0;",
            "21:58;+22.3;046;1010.9;02.4;207;000.0;0000.0;",
            "21:59;+22.3;046;1011.0;01.2;182;000.0;0000.0;",
            "22:00;+22.3;045;1011.0;01.2;219;000.0;0000.0;",
            "22:01;+22.3;045;1011.0;01.4;198;000.0;0000.0;",
            "22:02;+22.3;046;1011.0;02.0;221;000.0;0000.0;",
            "22:03;+22.3;045;1011.0;02.4;194;000.0;0000.0;",
            "22:04;+22.3;045;1011.0;01.4;223;000.0;0000.0;",
            "22:05;+22.3;045;1011.0;01.2;187;000.0;0000.0;",
            "22:06;+22.3;045;1011.0;02.4;214;000.0;0000.0;",
            "22:07;+22.3;044;1011.0;01.2;187;000.0;0000.0;",
            "22:08;+22.3;045;1011.0;03.0;192;000.0;0000.0;",
            "22:09;+22.3;045;1011.0;02.6;191;000.0;0000.0;",
            "22:10;+22.3;044;1011.0;02.6;229;000.0;0000.0;",
            "22:11;+22.3;044;1011.0;01.2;216;000.0;0000.0;",
            "22:12;+22.4;044;1011.0;01.2;188;000.0;0000.0;",
            "22:13;+22.4;044;1011.0;01.6;197;000.0;0000.0;",
            "22:14;+22.3;044;1011.0;03.8;215;000.0;0000.0;",
            "22:15;+22.3;044;1011.0;01.4;181;000.0;0000.0;",
            "22:16;+22.3;044;1011.0;01.0;217;000.0;0000.0;",
            "22:17;+22.3;044;1011.0;01.4;200;000.0;0000.0;",
            "22:18;+22.3;044;1011.0;01.6;214;000.0;0000.0;",
            "22:19;+22.3;044;1011.0;02.4;205;000.0;0000.0;",
            "22:20;+22.3;044;1011.0;02.2;212;000.0;0000.0;",
            "22:21;+22.3;044;1011.0;01.4;191;000.0;0000.0;",
            "22:22;+22.3;044;1011.0;01.4;182;000.0;0000.0;",
            "22:23;+22.3;044;1011.0;01.4;173;000.0;0000.0;",
            "22:24;+22.3;044;1011.0;02.0;193;000.0;0000.0;",
            "22:25;+22.3;044;1011.0;02.0;237;000.0;0000.0;",
            "22:26;+22.3;043;1011.0;00.8;208;000.0;0000.0;",
            "22:27;+22.3;044;1011.0;01.0;189;000.0;0000.0;",
            "22:28;+22.2;044;1011.0;01.4;189;000.0;0000.0;",
            "22:29;+22.2;044;1011.0;01.0;208;000.0;0000.0;",
            "22:30;+22.2;044;1011.0;01.6;203;000.0;0000.0;",
            "22:31;+22.2;044;1011.0;02.8;215;000.0;0000.0;",
            "22:32;+22.2;044;1011.0;02.4;195;000.0;0000.0;",
            "22:33;+22.1;044;1011.0;02.2;209;000.0;0000.0;",
            "22:34;+22.2;043;1011.0;02.2;200;000.0;0000.0;",
            "22:35;+22.2;044;1011.0;01.8;191;000.0;0000.0;",
            "22:36;+22.2;044;1011.0;02.4;228;000.0;0000.0;",
            "22:37;+22.2;043;1011.0;01.4;189;000.0;0000.0;",
            "22:38;+22.2;043;1011.0;01.2;171;000.0;0000.0;",
            "22:39;+22.2;043;1011.0;01.0;231;000.0;0000.0;",
            "22:40;+22.2;043;1011.0;02.6;204;000.0;0000.0;",
            "22:41;+22.2;043;1011.0;02.2;225;000.0;0000.0;",
            "22:42;+22.2;043;1011.0;02.8;205;000.0;0000.0;",
            "22:43;+22.2;043;1011.0;04.0;200;000.0;0000.0;",
            "22:44;+22.2;043;1011.0;01.6;200;000.0;0000.0;",
            "22:45;+22.2;043;1011.0;01.6;219;000.0;0000.0;",
            "22:46;+22.2;043;1011.0;02.8;236;000.0;0000.0;",
            "22:47;+22.2;043;1011.0;01.6;196;000.0;0000.0;",
            "22:48;+22.2;043;1011.0;02.2;223;000.0;0000.0;",
            "22:49;+22.2;043;1011.0;02.0;206;000.0;0000.0;",
            "22:50;+22.2;043;1011.0;03.4;189;000.0;0000.0;",
            "22:51;+22.2;043;1011.0;01.4;227;000.0;0000.0;",
            "22:52;+22.2;043;1011.0;01.8;208;000.0;0000.0;",
            "22:53;+22.2;043;1011.0;02.8;200;000.0;0000.0;",
            "22:54;+22.2;043;1011.0;02.4;207;000.0;0000.0;",
            "22:55;+22.2;043;1011.0;01.2;189;000.0;0000.0;",
            "22:56;+22.1;043;1011.0;01.2;194;000.0;0000.0;",
            "22:57;+22.1;043;1011.0;03.4;200;000.0;0000.0;",
            "22:58;+22.1;043;1011.0;00.8;202;000.0;0000.0;",
            "22:59;+22.1;043;1011.0;01.0;231;000.0;0000.0;",
            "23:00;+22.1;043;1011.0;01.4;208;000.0;0000.0;",
            "23:01;+22.1;043;1011.1;00.8;194;000.0;0000.0;",
            "23:02;+22.1;043;1011.0;00.8;181;000.0;0000.0;",
            "23:03;+22.1;043;1011.0;01.0;211;000.0;0000.0;",
            "23:04;+22.1;043;1011.0;02.2;221;000.0;0000.0;",
            "23:05;+22.1;043;1011.0;01.0;195;000.0;0000.0;",
            "23:06;+22.1;043;1011.0;02.0;169;000.0;0000.0;",
            "23:07;+22.1;043;1011.0;01.8;184;000.0;0000.0;",
            "23:08;+22.0;043;1011.0;01.8;183;000.0;0000.0;",
            "23:09;+22.0;043;1011.0;02.2;216;000.0;0000.0;",
            "23:10;+22.0;043;1011.0;01.6;193;000.0;0000.0;",
            "23:11;+22.0;043;1011.0;01.8;202;000.0;0000.0;",
            "23:12;+22.0;043;1011.0;02.4;181;000.0;0000.0;",
            "23:13;+22.0;043;1011.0;01.8;182;000.0;0000.0;",
            "23:14;+22.0;043;1011.0;02.2;212;000.0;0000.0;",
            "23:15;+22.0;043;1011.0;02.0;203;000.0;0000.0;",
            "23:16;+22.0;043;1011.0;02.8;213;000.0;0000.0;",
            "23:17;+22.0;043;1011.0;02.8;227;000.0;0000.0;",
            "23:18;+21.9;043;1011.0;01.8;179;000.0;0000.0;",
            "23:19;+21.9;043;1011.0;01.4;214;000.0;0000.0;",
            "23:20;+21.9;043;1011.0;01.6;225;000.0;0000.0;",
            "23:21;+21.9;043;1011.0;01.2;202;000.0;0000.0;",
            "23:22;+21.9;043;1011.0;01.4;220;000.0;0000.0;",
            "23:23;+21.8;043;1011.0;00.8;205;000.0;0000.0;",
            "23:24;+21.8;043;1011.0;02.0;184;000.0;0000.0;",
            "23:25;+21.8;043;1011.0;01.4;202;000.0;0000.0;",
            "23:26;+21.7;043;1010.9;00.8;200;000.0;0000.0;",
            "23:27;+21.7;043;1011.0;00.4;191;000.0;0000.0;",
            "23:28;+21.7;043;1011.0;01.0;210;000.0;0000.0;",
            "23:29;+21.7;043;1010.9;02.0;208;000.0;0000.0;",
            "23:30;+21.7;043;1010.9;01.2;188;000.0;0000.0;",
            "23:31;+21.7;044;1010.9;00.6;199;000.0;0000.0;",
            "23:32;+21.7;044;1010.9;01.8;202;000.0;0000.0;",
            "23:33;+21.7;044;1010.9;01.2;222;000.0;0000.0;",
            "23:34;+21.7;044;1011.0;01.2;217;000.0;0000.0;",
            "23:35;+21.7;044;1011.0;02.6;228;000.0;0000.0;",
            "23:36;+21.6;043;1011.0;01.2;196;000.0;0000.0;",
            "23:37;+21.7;044;1011.0;02.0;200;000.0;0000.0;",
            "23:38;+21.7;043;1011.0;02.2;189;000.0;0000.0;",
            "23:39;+21.7;043;1011.0;01.6;209;000.0;0000.0;",
            "23:40;+21.6;043;1011.0;02.6;237;000.0;0000.0;",
            "23:41;+21.6;043;1011.0;01.4;207;000.0;0000.0;",
            "23:42;+21.6;043;1011.0;01.0;208;000.0;0000.0;",
            "23:43;+21.6;043;1011.0;03.6;209;000.0;0000.0;",
            "23:44;+21.6;043;1010.9;01.0;222;000.0;0000.0;",
            "23:45;+21.6;043;1010.9;01.2;200;000.0;0000.0;",
            "23:46;+21.6;043;1010.9;01.6;198;000.0;0000.0;",
            "23:47;+21.6;043;1010.9;01.6;208;000.0;0000.0;",
            "23:48;+21.6;043;1010.9;01.0;191;000.0;0000.0;",
            "23:49;+21.6;042;1010.8;00.6;248;000.0;0000.0;",
            "23:50;+21.6;043;1010.8;01.8;194;000.0;0000.0;",
            "23:51;+21.6;042;1010.8;01.2;192;000.0;0000.0;",
            "23:52;+21.6;042;1010.8;01.0;211;000.0;0000.0;",
            "23:53;+21.6;042;1010.8;02.0;204;000.0;0000.0;",
            "23:54;+21.6;042;1010.8;02.4;195;000.0;0000.0;",
            "23:55;+21.6;042;1010.8;01.6;196;000.0;0000.0;",
            "23:56;+21.6;042;1010.8;03.2;130;000.0;0000.0;",
            "23:57;+21.6;042;1010.8;02.4;202;000.0;0000.0;",
            "23:58;+21.7;042;1010.8;01.6;183;000.0;0000.0;",
            "23:59;+21.7;042;1010.8;00.8;239;000.0;0000.0;"
    };

    /*
     * Vedi: public StationData decodeRawToMeteoData(int start, String line)
     * Aggiorna StationData con i dati di una linea prelevata dalla memoria del logger
     * N.B. Non aggiorna l'intestazione se e' il record delle 24:00 (lastRecord)
     *
     */
    // hh:mm;Tempe;Hum;Pressu;WiSp;WiD;RainA;SunRad;
    // "00:00;+20.8;046;1013.8;04.0;192;000.0;0000.0;",
    public StationData getNextStoredData(int sample) {
        StationData stationData = StationData.getDataFlash();
        stationData.clear();

        if (sample>CSVDATA.length) return stationData; // All cleared values

        String csvdata = CSVDATA[sample];

        String[] values = csvdata.split(";");

        // hh:mm;Tempe;Hum;Pressu;WiSp;WiD;RainA;SunRad;
        // Time (mm.ss)
        if (values[0].length()==5) {
            stationData.setHour(parseInt(values[0].substring(0, 2)));
            stationData.setMinute(parseInt(values[0].substring(3, 5)));
            stationData.setSecond(0); // Not used!
        }

        stationData.setTemperature(parseFloat(values[1], TNODATA));
        stationData.setHumidity(parseInt(values[2]));
        stationData.setPressure(parseFloat(values[3], -1));
        stationData.setWindSpeed(parseFloat(values[4], -1));
        stationData.setWindDirection(parseFloat(values[5], -1));
        stationData.setRain(parseFloat(values[6], -1));
        stationData.setSunrad(parseFloat(values[7], -1));

        // Dummy data
        stationData.setDay(12);
        stationData.setMonth(9);
        stationData.setYear(2023);

        stationData.setTemperatureMin(16.4f);
        stationData.setTemperatureMax(30.7f);
        stationData.setTemperatureMinTime(6*60+34);
        stationData.setTemperatureMaxTime(14*60+47);

        stationData.setHumidityMin(27f);
        stationData.setHumidityMax(86f);
        stationData.setHumidityMinTime(60*15+8);
        stationData.setHumidityMaxTime(60*5+19);

        stationData.setPressureMin(1014f);
        stationData.setPressureMax(1019f);
        stationData.setPressureMinTime(1*60+0);
        stationData.setPressureMaxTime(10*60+14);

        stationData.setWindSpeedMax(21f);
        stationData.setWindSpeedMaxTime(12*60+50);
        stationData.setWindDirectionOfMaxSpeed(123);

        stationData.setSunradMax(-1);
        stationData.setSunradMaxTime(-1);

        return stationData;
    }


    @Override
    public void getDataFromAllChannels() {

    }

    @Override
    public int open() {
        return 0;
    }

    @Override
    public int synchDataTime() {
        return 0;
    }

    @Override
    public StationData getNextStoredData(String yymmdd) {
        // Vedi: public StationData getNextStoredData(int sample)
        return null;
    }

    @Override
    public int getNumberOfStoredData(String yymmdd) {
        return CSVDATA.length;
    }

    // Only for Debug
       /*
        Carica da un file dati .csv
        poi copia e incolla in String[] CSVDATA
     */
    public static void getCsvData() {
        String filename = "11092023.csv";
        // hh:mm;Tempe;Hum;Pressu;WiSp;WiD;RainA;SunRad;
        try (BufferedReader br = new BufferedReader(new FileReader(filename))) {
            String line;
            while ((line = br.readLine()) != null) {
                System.out.println("\"" + line + "\",");
            }
        } catch (IOException e) {
            throw new RuntimeException(e);
        }
    }

    public static void main(String[] args) {
        new SimulStation().getNextStoredData(0);
    }
}
